Id	Ctrl1	Ctrl3	Ctrl4	RNAi1	RNAi3	RNAi4	norm.Ctrl1	norm.Ctrl3	norm.Ctrl4	norm.RNAi1	norm.RNAi3	norm.RNAi4	baseMean	Untreated	RNAi	FoldChange	log2FoldChange	stat	pvalue	padj	dispGeneEst	dispFit	dispMAP	dispersion	betaConv	maxCooks
FBgn0003360	14882	3935	4763	1492	576	640	7496	6150	6787	761	806	784	3797.15	6811	784	0.115	-3.122	-25.953	1.69061981142759e-148	1.50583506603856e-144	0.0055	0.0137	0.0097	0.0097	TRUE	0.0668
FBgn0039155	2490	751	893	81	37	54	1254	1174	1272	41	52	66	643.25	1233	53	0.042	-4.59	-24.519	9.16096235000054e-133	4.07983458257274e-129	0.0051	0.0177	0.0155	0.0155	TRUE	0.5488
FBgn0029167	10401	3816	3822	2347	937	924	5239	5964	5446	1197	1311	1133	3381.36	5550	1214	0.219	-2.194	-18.87	2.01633750179624e-79	4.48987953212477e-76	0.0043	0.0138	0.0092	0.0092	TRUE	0.0562
FBgn0035085	1895	671	787	314	133	150	954	1049	1121	160	186	184	609.08	1041	177	0.169	-2.569	-17.241	1.30440446053801e-66	2.3236661060024e-63	0.0055	0.018	0.0126	0.0126	TRUE	0.0917
FBgn0039827	767	320	331	46	14	28	386	500	472	23	20	34	239.24	453	26	0.057	-4.143	-16.894	4.99519517994019e-64	7.41536724462121e-61	0.0179	0.026	0.0237	0.0237	TRUE	0.3679
FBgn0029896	1627	531	501	302	100	116	819	830	714	154	140	142	466.54	788	145	0.185	-2.431	-15.884	8.20217350304405e-57	1.04366799130876e-53	0	0.0196	0.0128	0.0128	TRUE	0.0764
FBgn0034736	712	282	257	51	25	28	359	441	366	26	35	34	210.14	389	32	0.079	-3.657	-15.705	1.40208459056978e-55	1.56104593102563e-52	0	0.0278	0.0222	0.0222	TRUE	0.3169
FBgn0034897	2877	964	982	725	274	263	1449	1507	1399	370	383	322	905.02	1452	358	0.247	-2.016	-15.694	1.65722295867198e-55	1.64009832143236e-52	8e-04	0.0163	0.0101	0.0101	TRUE	0.0814
FBgn0023479	9584	3082	2984	3053	1145	1175	4827	4817	4252	1557	1601	1440	3082.35	4632	1533	0.331	-1.596	-14.037	9.20958981627728e-45	7.45725604487107e-42	0.0033	0.0139	0.0088	0.0088	TRUE	0.0622
FBgn0038832	853	252	289	129	52	65	430	394	412	66	73	80	242.24	412	73	0.174	-2.522	-13.706	9.30026589519059e-43	6.90312236070522e-40	0	0.0258	0.0163	0.0163	TRUE	0.097
FBgn0036821	1441	498	457	382	112	147	726	778	651	195	157	180	447.81	718	177	0.249	-2.007	-12.675	8.17452114922881e-37	5.60080460586008e-34	0.0061	0.0199	0.0145	0.0145	TRUE	0.098
FBgn0264753	351	131	146	42	11	19	177	205	208	21	15	23	108.27	197	20	0.104	-3.261	-11.785	4.65279018806659e-32	2.76282681367394e-29	0	0.0419	0.0293	0.0293	TRUE	0.129
FBgn0026562	102439	47109	59862	18039	10108	12172	51595	73623	85297	9199	14138	14919	41461.69	70172	12752	0.182	-2.46	-11.753	6.79308413393588e-32	3.55917649299805e-29	0.0593	0.0129	0.0315	0.0315	TRUE	0.1803
FBgn0027279	8234	2595	2639	3505	1242	1379	4147	4056	3760	1787	1737	1690	2862.95	3988	1738	0.436	-1.198	-11.41	3.72742196422272e-30	1.74737618080694e-27	0.0015	0.0139	0.0075	0.0075	TRUE	0.0301
FBgn0040091	2714	899	1211	1002	388	416	1367	1405	1726	511	543	510	1010.16	1499	521	0.348	-1.524	-10.964	5.721149038704e-28	2.42658449941603e-25	0.0085	0.016	0.0126	0.0126	TRUE	0.2071
FBgn0037754	871	233	223	170	54	61	439	364	318	87	76	75	226.26	374	79	0.212	-2.236	-10.91	1.03467602034791e-27	4.18902696056311e-25	0.0164	0.0268	0.0226	0.0226	TRUE	0.1466
FBgn0000406	787	261	385	167	60	97	396	408	549	85	84	119	273.47	451	96	0.212	-2.238	-10.499	8.694827213616e-26	3.09779303966711e-23	0.0295	0.0244	0.0262	0.0262	TRUE	0.402
FBgn0259715	2277	879	1073	492	294	283	1147	1374	1529	251	411	347	843.07	1350	336	0.247	-2.015	-10.44	1.63194656621857e-25	5.59067233281109e-23	0.0361	0.0166	0.0249	0.0249	TRUE	0.3731
FBgn0030041	288	93	117	41	10	15	145	145	167	21	14	18	85.06	152	18	0.121	-3.046	-10.261	1.05142644408321e-24	3.46853901387007e-22	0	0.0499	0.0342	0.0342	TRUE	0.2141
FBgn0034010	1604	488	610	634	205	226	808	763	869	323	287	277	554.46	813	296	0.366	-1.452	-10.251	1.16679202373859e-24	3.71164876979986e-22	0.0035	0.0185	0.0121	0.0121	TRUE	0.0875
FBgn0039419	4979	1572	1589	2245	743	850	2508	2457	2264	1145	1039	1042	1742.42	2410	1075	0.447	-1.162	-10.18	2.42592684797313e-24	7.4509415292747e-22	0.0025	0.0147	0.0087	0.0087	TRUE	0.0406
FBgn0040099	3002	785	942	952	221	268	1512	1227	1342	485	309	328	867.35	1360	374	0.277	-1.851	-9.924	3.26719960393673e-23	9.70031562408814e-21	0.0364	0.0165	0.0233	0.0233	TRUE	0.8287
FBgn0036985	6756	1661	1732	1965	769	825	3403	2596	2468	1002	1076	1011	1925.88	2822	1030	0.364	-1.458	-9.822	9.04714464640409e-23	2.51821616767254e-20	0.0159	0.0145	0.0152	0.0152	TRUE	0.3999
FBgn0024288	202	73	73	7	6	4	102	114	104	4	8	5	56.12	107	6	0.047	-4.397	-9.783	1.32692340627166e-22	3.58148690292779e-20	0	0.069	0.0506	0.0506	TRUE	0.6254
FBgn0033913	13209	4465	4508	5371	2328	2614	6653	6978	6423	2739	3256	3204	4875.54	6685	3066	0.458	-1.126	-9.742	1.99962289068755e-22	5.08875459638685e-20	0.0048	0.0135	0.0094	0.0094	TRUE	0.1086
FBgn0052407	574	170	189	152	38	49	289	266	269	78	53	60	169.13	275	64	0.237	-2.078	-9.674	3.87940802891882e-22	9.3388884631297e-20	0.0076	0.0315	0.0237	0.0237	TRUE	0.4359
FBgn0016715	489	144	169	85	42	50	246	225	241	43	59	61	145.92	237	54	0.223	-2.164	-9.602	7.86991601918631e-22	1.79736774315109e-19	0	0.0344	0.025	0.025	TRUE	0.4174
FBgn0085359	266	48	85	11	2	1	134	75	121	6	3	1	56.62	110	3	0.034	-4.872	-9.263	1.97934460507128e-20	4.40750559934247e-18	0.0974	0.0685	0.0744	0.0744	TRUE	1.0395
FBgn0261596	46352	12878	17184	18532	7650	8921	23346	20126	24485	9450	10700	10934	16506.92	22652	10361	0.457	-1.129	-9.242	2.42448037734114e-20	5.26703578560429e-18	0.0078	0.013	0.0107	0.0107	TRUE	0.1161
FBgn0023549	632	217	238	177	79	91	318	339	339	90	110	112	218.14	332	104	0.31	-1.691	-9.213	3.15685134335511e-20	6.69477974172951e-18	0	0.0273	0.0178	0.0178	TRUE	0.1828
FBgn0036576	5973	1958	1716	2212	873	1067	3008	3060	2445	1128	1221	1308	2028.39	2838	1219	0.429	-1.221	-9.109	8.34158428347602e-20	1.72787188867258e-17	0.0091	0.0144	0.0123	0.0123	TRUE	0.1756
FBgn0039109	1226	413	417	505	169	218	617	645	594	258	236	267	436.37	619	254	0.411	-1.284	-9.104	8.71016751600933e-20	1.76321504693398e-17	0	0.0201	0.0114	0.0114	TRUE	0.0336
FBgn0001137	1154	377	462	492	158	207	581	589	658	251	221	254	425.72	609	242	0.399	-1.326	-8.989	2.50528331664093e-19	4.850990978548e-17	0.0023	0.0202	0.0127	0.0127	TRUE	0.0554
FBgn0261552	22518	5916	5184	6734	1604	1703	11342	9246	7387	3434	2243	2087	5956.42	9325	2588	0.278	-1.848	-8.982	2.64727155350492e-19	5.01686121852517e-17	0.0626	0.0134	0.0302	0.0302	TRUE	0.2024
FBgn0063649	1712	598	525	717	247	279	862	935	748	366	345	342	599.66	848	351	0.415	-1.27	-8.898	5.67011926110941e-19	1.05216150538961e-16	0.0054	0.0181	0.0126	0.0126	TRUE	0.12
FBgn0261584	482	140	152	133	42	39	243	219	217	68	59	48	142.09	226	58	0.261	-1.939	-8.715	2.90427011836413e-18	5.07222234201358e-16	0.0056	0.035	0.0249	0.0249	TRUE	0.2624
FBgn0040827	723	189	192	192	44	57	364	295	274	98	62	70	193.74	311	77	0.25	-1.998	-8.615	6.96747704889646e-18	1.19344842451001e-15	0.0332	0.0291	0.0305	0.0305	TRUE	0.7039
FBgn0024315	247	89	94	48	15	23	124	139	134	24	21	28	78.51	132	24	0.187	-2.422	-8.61	7.33342415213535e-18	1.23243035703905e-15	0	0.053	0.0334	0.0334	TRUE	0.0671
FBgn0034389	390	127	103	88	25	37	196	198	147	45	35	45	111.14	180	42	0.233	-2.101	-8.298	1.05663671439237e-16	1.70313523519791e-14	0.0136	0.0412	0.0315	0.0315	TRUE	0.2604
FBgn0050147	2422	792	900	1190	449	546	1220	1238	1282	607	628	669	940.68	1247	635	0.509	-0.976	-8.297	1.07079345650705e-16	1.70313523519791e-14	0	0.0162	0.0087	0.0087	TRUE	0.0265
FBgn0261015	5147	1605	1511	2335	885	1008	2592	2508	2153	1191	1238	1235	1819.62	2418	1221	0.504	-0.987	-8.192	2.56255257085092e-16	4.00432556992441e-14	0.0047	0.0146	0.0098	0.0098	TRUE	0.11
FBgn0265512	252	80	81	53	16	17	127	125	115	27	22	21	72.93	122	23	0.195	-2.355	-8.136	4.09389184506363e-16	6.18038892609861e-14	0	0.056	0.0359	0.0359	TRUE	0.1862
FBgn0261800	94096	30264	31346	53731	20061	20917	47393	47297	44665	27399	28058	25638	36741.73	46452	27032	0.582	-0.781	-8.001	1.2357817588212e-15	1.80444395505253e-13	0.0016	0.0129	0.0068	0.0068	TRUE	0.0249
FBgn0031703	273	93	106	73	25	28	138	145	151	37	35	34	90.07	145	35	0.248	-2.012	-7.965	1.64884301513198e-15	2.36874915093234e-13	0	0.0478	0.0286	0.0286	TRUE	0.024
FBgn0035542	1785	591	516	762	258	330	899	924	735	389	361	404	618.64	853	385	0.451	-1.149	-7.852	4.08999933715793e-15	5.52144354635575e-13	0.0074	0.0179	0.0134	0.0134	TRUE	0.1656
FBgn0052521	7543	2803	2702	3964	1629	1766	3799	4381	3850	2021	2278	2165	3082.36	4010	2155	0.537	-0.897	-7.722	1.14187986080193e-14	1.47401795944388e-12	0.0045	0.0139	0.0093	0.0093	TRUE	0.0787
FBgn0032004	2019	725	867	1117	359	459	1017	1133	1235	570	502	563	836.61	1128	545	0.485	-1.045	-7.683	1.55140993840222e-14	1.97405833162122e-12	0.0062	0.0166	0.0119	0.0119	TRUE	0.0955
FBgn0283658	3020	1219	1308	1361	599	719	1521	1905	1864	694	838	881	1283.83	1763	804	0.456	-1.134	-7.603	2.89228868686656e-14	3.62839652590429e-12	0.0147	0.0153	0.0151	0.0151	TRUE	0.1822
FBgn0039257	1641	475	476	694	247	309	827	742	678	354	345	379	554.2	749	359	0.478	-1.065	-7.467	8.20730879296121e-14	9.6187499235402e-12	0.0052	0.0185	0.0125	0.0125	TRUE	0.1047
FBgn0037239	1886	603	712	976	385	421	950	942	1015	498	538	516	743.17	969	517	0.533	-0.907	-7.405	1.31295083223344e-13	1.49114128326627e-11	0	0.0171	0.0092	0.0092	TRUE	0.0194
FBgn0262057	1981	566	664	1005	319	394	998	885	946	512	446	483	711.67	943	480	0.51	-0.97	-7.401	1.34780673531025e-13	1.50061432392605e-11	0.003	0.0173	0.0107	0.0107	TRUE	0.0433
FBgn0036684	2599	852	820	1349	498	556	1309	1332	1168	688	697	681	979.15	1270	689	0.542	-0.884	-7.363	1.79726629640096e-13	1.9763272718572e-11	0.0016	0.0161	0.0092	0.0092	TRUE	0.0563
FBgn0031449	2310	789	824	1188	463	558	1163	1233	1174	606	648	684	917.99	1190	646	0.542	-0.884	-7.346	2.04260272069086e-13	2.21871493087725e-11	0.0013	0.0163	0.0092	0.0092	TRUE	0.0385
FBgn0053307	3608	742	989	1277	301	374	1817	1160	1409	651	421	458	986.11	1462	510	0.35	-1.515	-7.34	2.14277030086839e-13	2.29947651443792e-11	0.0531	0.016	0.0293	0.0293	TRUE	0.2242
FBgn0040388	3504	1183	1095	1864	680	744	1765	1849	1560	951	951	912	1331.24	1725	938	0.544	-0.879	-7.311	2.64862328526592e-13	2.80848661926947e-11	0.0032	0.0152	0.0095	0.0095	TRUE	0.0813
FBgn0031359	1680	569	572	879	330	369	846	889	815	448	462	452	652.09	850	454	0.534	-0.906	-7.291	3.06873246732198e-13	3.21567059840433e-11	0	0.0177	0.0093	0.0093	TRUE	0.0176
FBgn0031322	1036	346	438	303	137	215	522	541	624	155	192	264	382.71	562	204	0.359	-1.479	-7.226	4.97472363884126e-13	5.15230970362315e-11	0.0369	0.0211	0.0266	0.0266	TRUE	0.7275
FBgn0263873	2187	778	701	1071	429	393	1102	1216	999	546	600	482	824.02	1106	543	0.491	-1.027	-7.192	6.37235483571541e-13	6.44983687746786e-11	0.0087	0.0167	0.0132	0.0132	TRUE	0.1058
FBgn0051337	2497	732	1014	1106	410	574	1258	1144	1445	564	573	704	947.91	1282	614	0.478	-1.065	-7.12	1.08207914299265e-12	1.0829302164759e-10	0.0133	0.0162	0.0148	0.0148	TRUE	0.1891
FBgn0063498	812	271	263	377	100	136	409	424	375	192	140	167	284.34	403	166	0.418	-1.259	-7.112	1.14538131397349e-12	1.13354570706243e-10	0.0087	0.0239	0.0182	0.0182	TRUE	0.2335
FBgn0033782	485	155	181	145	59	90	244	242	258	74	83	110	168.53	248	89	0.354	-1.499	-7.064	1.61630053471077e-12	1.53153073007115e-10	0.0106	0.0315	0.0245	0.0245	TRUE	0.3992
FBgn0043841	38255	11103	13900	21948	7743	9576	19268	17352	19806	11192	10830	11737	15030.8	18809	11253	0.598	-0.741	-7.033	2.02045888146182e-12	1.8746070059563e-10	0.0031	0.0131	0.0079	0.0079	TRUE	0.0559
FBgn0027596	1934	744	699	981	423	422	974	1163	996	500	592	517	790.32	1044	536	0.513	-0.963	-6.886	5.72877701040217e-12	5.0521006764012e-10	0.0069	0.0168	0.0126	0.0126	TRUE	0.1139
FBgn0029801	4096	1221	1193	1958	735	900	2063	1908	1700	998	1028	1103	1466.78	1890	1043	0.551	-0.861	-6.866	6.60400869080462e-12	5.76685347147027e-10	0.0056	0.015	0.0105	0.0105	TRUE	0.0932
FBgn0039640	226	73	82	64	24	22	114	114	117	33	34	27	72.99	115	31	0.272	-1.879	-6.857	7.03536103615549e-12	6.08387968437252e-10	0	0.056	0.0338	0.0338	TRUE	0.0696
FBgn0036896	1771	557	527	908	295	346	892	870	751	463	413	424	635.52	838	433	0.518	-0.949	-6.845	7.63666515567651e-12	6.47807395634387e-10	0.0049	0.0178	0.012	0.012	TRUE	0.0948
FBgn0033504	5240	1914	1758	2958	1103	1315	2639	2991	2505	1508	1543	1612	2133.05	2712	1554	0.573	-0.803	-6.82	9.09398554896718e-12	7.64152163062742e-10	0.0041	0.0143	0.0094	0.0094	TRUE	0.0962
FBgn0026376	4377	1257	1096	2000	589	687	2205	1964	1562	1020	824	842	1402.74	1910	895	0.469	-1.092	-6.782	1.18548201167579e-11	9.77693359073731e-10	0.0205	0.0151	0.0178	0.0178	TRUE	0.2081
FBgn0031805	7503	2761	2970	3408	1613	1908	3779	4315	4232	1738	2256	2339	3109.73	4109	2111	0.513	-0.962	-6.737	1.61728078768512e-11	1.32157063999187e-09	0.0138	0.0139	0.0143	0.0143	TRUE	0.297
FBgn0036373	10187	3949	3662	3750	2046	2277	5131	6172	5218	1912	2862	2791	4014.2	5507	2522	0.457	-1.128	-6.731	1.6874303903714e-11	1.36635840791255e-09	0.0271	0.0136	0.0199	0.0199	TRUE	0.5517
FBgn0261560	5324	1278	1600	2285	834	1054	2682	1997	2280	1165	1166	1292	1763.7	2320	1208	0.52	-0.944	-6.71	1.94218220195476e-11	1.54455507792956e-09	0.0119	0.0146	0.0136	0.0136	TRUE	0.1784
FBgn0033426	977	287	355	464	157	212	492	449	506	237	220	260	360.42	482	239	0.495	-1.016	-6.685	2.31202896908075e-11	1.82241079890286e-09	5e-04	0.0216	0.0134	0.0134	TRUE	0.0585
FBgn0004369	2167	777	733	1266	437	508	1091	1214	1044	646	611	623	871.61	1116	627	0.562	-0.831	-6.673	2.5120324766713e-11	1.96269063769397e-09	0.0022	0.0165	0.0098	0.0098	TRUE	0.0661
FBgn0037646	161	32	47	15	5	10	81	50	67	8	7	12	37.49	66	9	0.131	-2.929	-6.658	2.77183973419192e-11	2.12834280279719e-09	0	0.0969	0.0772	0.0772	TRUE	0.1075
FBgn0000567	676	262	232	338	108	108	340	409	331	172	151	132	256.05	360	152	0.427	-1.229	-6.655	2.84128315876792e-11	2.16301787137998e-09	0.0111	0.0251	0.0197	0.0197	TRUE	0.1776
FBgn0002868	393	73	91	86	21	27	198	114	130	44	29	33	91.34	147	35	0.243	-2.039	-6.567	5.13972699698129e-11	3.84702087076574e-09	0.0601	0.0473	0.052	0.052	TRUE	0.8992
FBgn0040752	12944	5164	4092	6729	2740	2872	6519	8070	5831	3431	3832	3520	5200.73	6807	3594	0.528	-0.921	-6.5	8.0510832120658e-11	5.97591651415584e-09	0.0156	0.0134	0.0142	0.0142	TRUE	0.3195
FBgn0030237	5807	1538	2033	3170	915	1224	2925	2404	2897	1617	1280	1500	2103.62	2742	1466	0.535	-0.902	-6.477	9.37164488793964e-11	6.89861496007259e-09	0.0117	0.0143	0.0134	0.0134	TRUE	0.1452
FBgn0051431	5275	1756	1976	3452	1151	1422	2657	2744	2816	1760	1610	1743	2221.64	2739	1704	0.623	-0.683	-6.447	1.13783670707273e-10	8.30714061466949e-09	9e-04	0.0143	0.0076	0.0076	TRUE	0.0276
FBgn0015371	1012	349	295	487	180	180	510	545	420	248	252	221	366.03	492	240	0.489	-1.033	-6.303	2.91898978761109e-10	2.01546062312031e-08	0.0081	0.0214	0.0161	0.0161	TRUE	0.1752
FBgn0053516	1880	602	552	963	361	405	947	941	787	491	505	496	694.44	892	497	0.557	-0.845	-6.256	3.94357494481704e-10	2.64100917545003e-08	0.0043	0.0174	0.0115	0.0115	TRUE	0.1216
FBgn0262579	13804	4565	4413	8543	3129	3489	6953	7134	6288	4356	4376	4276	5564.02	6792	4336	0.638	-0.647	-6.253	4.01993706955326e-10	2.67205817003813e-08	0.0019	0.0134	0.0075	0.0075	TRUE	0.0509
FBgn0034638	3781	1358	1668	2114	822	1068	1904	2122	2377	1078	1150	1309	1656.69	2134	1179	0.552	-0.856	-6.244	4.27866704573362e-10	2.82296943528514e-08	0.0102	0.0147	0.0129	0.0129	TRUE	0.1193
FBgn0036732	6052	2086	2079	3795	1403	1646	3048	3260	2962	1935	1962	2017	2530.93	3090	1971	0.638	-0.648	-6.225	4.80046810431529e-10	3.12100506606834e-08	8e-04	0.0141	0.0074	0.0074	TRUE	0.0273
FBgn0039809	1476	453	568	874	241	319	743	708	809	446	337	391	572.41	753	391	0.522	-0.937	-6.15	7.75165890658554e-10	4.86225534372939e-08	0.0091	0.0183	0.0147	0.0147	TRUE	0.1863
FBgn0004893	1127	425	410	633	233	281	568	664	584	323	326	344	468.19	605	331	0.548	-0.868	-6.126	9.01823200128997e-10	5.61716031017411e-08	0.0026	0.0196	0.012	0.012	TRUE	0.0805
FBgn0035344	213	78	74	59	30	27	107	122	105	30	42	33	73.29	111	35	0.309	-1.696	-6.08	1.20378772767275e-09	7.44592867387584e-08	0	0.0558	0.0369	0.0369	TRUE	0.173
FBgn0035147	39912	16882	20966	17919	9336	10829	20102	26383	29874	9138	13058	13273	18638.08	25453	11823	0.464	-1.106	-6.075	1.23818024738196e-09	7.60584238857316e-08	0.0382	0.013	0.0238	0.0238	TRUE	0.271
FBgn0045852	5575	1761	1751	3030	1275	1296	2808	2752	2495	1545	1783	1588	2161.99	2685	1639	0.609	-0.715	-6.062	1.34067588118473e-09	8.12340141068871e-08	0.0042	0.0143	0.0095	0.0095	TRUE	0.0701
FBgn0261808	1070	312	371	569	183	241	539	488	529	290	256	295	399.44	519	280	0.542	-0.885	-6.057	1.38957922054954e-09	8.30669940767434e-08	0.0011	0.0207	0.0125	0.0125	TRUE	0.0578
FBgn0039714	5090	1864	2171	3380	1267	1427	2564	2913	3093	1724	1772	1749	2302.49	2857	1748	0.613	-0.707	-6.027	1.66870129816634e-09	9.90874830851175e-08	0.0045	0.0142	0.0094	0.0094	TRUE	0.1009
FBgn0043364	4460	906	977	1689	412	514	2246	1416	1392	861	576	630	1186.99	1685	689	0.409	-1.288	-6.018	1.76872048137875e-09	1.04331081640003e-07	0.0643	0.0155	0.0319	0.0319	TRUE	1.0421
FBgn0085376	886	328	294	497	163	186	446	513	419	253	228	228	347.86	459	236	0.518	-0.949	-5.998	1.99162163959659e-09	1.15190739895369e-07	0.0044	0.0219	0.0147	0.0147	TRUE	0.1087
FBgn0036181	546	185	186	271	100	102	275	289	265	138	140	125	205.37	276	134	0.487	-1.037	-5.946	2.74131066020584e-09	1.56518295195214e-07	0	0.0282	0.0162	0.0162	TRUE	0.0337
FBgn0037635	487	162	186	248	80	101	245	253	265	126	112	124	187.61	254	121	0.478	-1.065	-5.907	3.47559618498298e-09	1.97179205220658e-07	0	0.0296	0.0171	0.0171	TRUE	0.0348
FBgn0051038	1618	693	636	799	383	404	815	1083	906	407	536	495	707.08	935	479	0.512	-0.966	-5.847	5.01015413676590e-09	2.80663162869018e-07	0.0176	0.0173	0.018	0.018	TRUE	0.225
FBgn0052681	413	136	159	203	69	79	208	213	227	104	97	97	157.33	216	99	0.462	-1.114	-5.821	5.8371767837102e-09	3.20936627237696e-07	0	0.0329	0.0188	0.0188	TRUE	0.021
FBgn0029766	48013	16585	18439	24519	10896	13816	24183	25919	26274	12503	15240	16934	20175.41	25459	14892	0.585	-0.774	-5.794	6.85939544823249e-09	3.74825983174275e-07	0.0122	0.013	0.0128	0.0128	TRUE	0.2419
FBgn0259699	582	198	200	262	120	110	293	309	285	134	168	135	220.64	296	146	0.488	-1.035	-5.784	7.31247626750153e-09	3.92362807919495e-07	0.0014	0.0271	0.0177	0.0177	TRUE	0.1645
FBgn0026721	8764	3239	4056	4820	2218	2448	4414	5062	5779	2458	3102	3000	3969.34	5085	2853	0.561	-0.834	-5.738	9.59026273978105e-09	5.08455179900178e-07	0.016	0.0136	0.0149	0.0149	TRUE	0.1347
FBgn0029092	20144	6003	7029	13530	4611	5438	10146	9382	10016	6899	6449	6665	8259.49	9848	6671	0.677	-0.562	-5.698	1.21437509457733e-08	6.36261115729427e-07	0.0012	0.0132	0.0069	0.0069	TRUE	0.0208
FBgn0022160	3028	1336	1372	1347	718	827	1525	2088	1955	687	1004	1014	1378.79	1856	902	0.485	-1.044	-5.691	1.26045612508867e-08	6.52725738730511e-07	0.036	0.0151	0.0234	0.0234	TRUE	0.5403
FBgn0259714	359	111	120	164	52	57	181	173	171	84	73	70	125.25	175	76	0.435	-1.202	-5.646	1.64196987211143e-08	8.35715751479802e-07	0	0.038	0.023	0.023	TRUE	0.1138
FBgn0031547	490	176	260	285	80	98	247	275	370	145	112	120	211.61	297	126	0.429	-1.22	-5.6	2.14626417689833e-08	1.08618039907008e-06	0.0291	0.0277	0.0283	0.0283	TRUE	0.5023
FBgn0038381	427	152	191	223	80	95	215	238	272	114	112	116	177.8	242	114	0.475	-1.075	-5.583	2.36631312250938e-08	1.19077689164921e-06	0	0.0306	0.02	0.02	TRUE	0.1315
FBgn0034476	429	159	151	223	75	84	216	248	215	114	105	103	166.88	226	107	0.477	-1.067	-5.572	2.51152913571622e-08	1.2567522478553e-06	0	0.0317	0.0193	0.0193	TRUE	0.0695
FBgn0037683	3255	1078	1581	1857	686	919	1639	1685	2253	947	959	1126	1434.96	1859	1011	0.544	-0.878	-5.566	2.59919164771333e-08	1.28616666701015e-06	0.0207	0.015	0.0171	0.0171	TRUE	0.4108
FBgn0263041	221	78	119	92	33	39	111	122	170	47	46	48	90.61	134	47	0.353	-1.503	-5.567	2.59623046274415e-08	1.28616666701015e-06	0.0226	0.0476	0.0378	0.0378	TRUE	0.5048
FBgn0020257	2647	902	871	1737	575	647	1333	1410	1241	886	804	793	1077.83	1328	828	0.625	-0.679	-5.556	2.75360448056097e-08	1.35504724355561e-06	0.0029	0.0158	0.0097	0.0097	TRUE	0.0481
FBgn0038237	134	37	24	20	5	6	67	58	34	10	7	7	30.68	53	8	0.158	-2.661	-5.553	2.80159706174523e-08	1.37108928730575e-06	0	0.1155	0.0989	0.0989	TRUE	0.2329
FBgn0031374	4401	1773	1584	2758	1106	1157	2217	2771	2257	1406	1547	1418	1936	2415	1457	0.604	-0.728	-5.549	2.86963181085412e-08	1.39103370957942e-06	0.0088	0.0145	0.0118	0.0118	TRUE	0.1985
FBgn0013811	791	335	340	401	181	208	398	524	484	204	253	255	353.17	469	237	0.506	-0.983	-5.545	2.93685209452499e-08	1.40637320462011e-06	0.0159	0.0218	0.0193	0.0193	TRUE	0.2215
FBgn0003525	3880	1008	1064	2004	691	817	1954	1575	1516	1022	966	1001	1339.23	1682	996	0.591	-0.758	-5.523	3.33093350100318e-08	1.58655747023718e-06	0.0092	0.0152	0.0127	0.0127	TRUE	0.2502
FBgn0086365	8424	2829	3044	5614	2209	2400	4243	4421	4337	2863	3090	2942	3649.26	4334	2965	0.684	-0.548	-5.51	3.59259188645295e-08	1.693080208076e-06	7e-04	0.0137	0.0068	0.0068	TRUE	0.0163
FBgn0010225	29953	9567	11450	21284	7671	8446	15086	14951	16315	10854	10729	10352	13047.93	15451	10645	0.689	-0.537	-5.497	3.86852698103395e-08	1.80402983351148e-06	0.0014	0.0131	0.0068	0.0068	TRUE	0.0292
FBgn0267252	352	88	92	124	33	48	177	138	131	63	46	59	102.35	149	56	0.379	-1.401	-5.495	3.90518466159211e-08	1.81163957191672e-06	0.0193	0.0436	0.0344	0.0344	TRUE	0.35
FBgn0032029	917	254	309	399	167	213	462	397	440	203	234	261	332.87	433	233	0.532	-0.91	-5.481	4.23900056165917e-08	1.9362450257794e-06	0.008	0.0223	0.0164	0.0164	TRUE	0.1605
FBgn0032638	327	104	114	155	46	41	165	163	162	79	64	50	113.88	163	64	0.403	-1.311	-5.457	4.83237800554768e-08	2.19601994364353e-06	0.0111	0.0405	0.0306	0.0306	TRUE	0.4615
FBgn0039098	744	212	276	394	137	170	375	331	393	201	192	208	283.37	366	200	0.546	-0.873	-5.433	5.55501305663065e-08	2.51159905052839e-06	0	0.024	0.0146	0.0146	TRUE	0.0708
FBgn0037912	2109	773	904	1434	517	608	1062	1208	1288	731	723	745	959.66	1186	733	0.62	-0.69	-5.399	6.70688028874555e-08	3.00191873024405e-06	0.0046	0.0161	0.0106	0.0106	TRUE	0.107
FBgn0038865	594	212	268	315	121	155	299	331	382	161	169	190	255.37	337	173	0.514	-0.961	-5.378	7.53270066013643e-08	3.337998247753e-06	0.0089	0.0252	0.0184	0.0184	TRUE	0.1477
FBgn0031258	473	133	111	194	46	52	238	208	158	99	64	64	138.54	201	76	0.381	-1.391	-5.33	9.84154544931354e-08	4.2552740445163e-06	0.0472	0.0356	0.0398	0.0398	TRUE	0.397
FBgn0000079	763	395	389	263	150	217	384	617	554	134	210	266	360.96	518	203	0.39	-1.358	-5.321	1.03125240630656e-07	4.4373744845278e-06	0.083	0.0216	0.0433	0.0433	TRUE	0.7571
FBgn0052412	2620	834	1017	1739	647	715	1320	1303	1449	887	905	876	1123.37	1357	889	0.655	-0.609	-5.306	1.12292245976803e-07	4.74022291429094e-06	9e-04	0.0156	0.0085	0.0085	TRUE	0.0407
FBgn0264693	10963	3895	3467	7213	2572	2943	5522	6087	4940	3678	3597	3607	4571.95	5516	3627	0.658	-0.604	-5.206	1.92497304148674e-07	8.00536599126432e-06	0.0051	0.0135	0.0095	0.0095	TRUE	0.1005
FBgn0027348	501	192	220	271	100	134	252	300	313	138	140	164	218.03	288	147	0.512	-0.965	-5.199	2.00131045838976e-07	8.21459550823852e-06	0.0084	0.0273	0.0194	0.0194	TRUE	0.159
FBgn0028514	1690	449	442	877	275	269	851	702	630	447	385	330	557.38	728	387	0.533	-0.909	-5.198	2.01611103438429e-07	8.23738577213801e-06	0.0206	0.0185	0.0199	0.0199	TRUE	0.276
FBgn0030452	1975	636	783	1268	498	525	995	994	1116	647	697	643	848.5	1035	662	0.64	-0.644	-5.195	2.05201621716268e-07	8.34580294350137e-06	0.0019	0.0166	0.0098	0.0098	TRUE	0.0541
FBgn0032036	16365	5920	6401	11913	4467	5067	8242	9252	9121	6075	6248	6211	7524.73	8872	6178	0.697	-0.522	-5.123	3.00268611098731e-07	1.18340376949398e-05	0.0018	0.0133	0.0073	0.0073	TRUE	0.0476
FBgn0024250	1054	346	294	590	191	214	531	541	419	301	267	262	386.8	497	277	0.558	-0.841	-5.11	3.21325568852413e-07	1.26081358668213e-05	0.0102	0.021	0.0165	0.0165	TRUE	0.207
FBgn0267824	2685	910	928	1778	682	733	1352	1422	1322	907	954	898	1142.63	1365	920	0.673	-0.571	-5.084	3.69547628350324e-07	1.43736276232154e-05	0	0.0156	0.0081	0.0081	TRUE	0.0149
FBgn0039886	2156	655	789	1450	451	576	1086	1024	1124	739	631	706	885	1078	692	0.644	-0.636	-5.034	4.80654070315598e-07	1.8533271880091e-05	0.0026	0.0164	0.0102	0.0102	TRUE	0.0676
FBgn0028990	3136	1062	1334	1581	753	920	1579	1660	1901	806	1053	1128	1354.51	1713	996	0.58	-0.786	-5.011	5.42311044949608e-07	2.0731178014447e-05	0.0179	0.0152	0.0169	0.0169	TRUE	0.3477
FBgn0035232	4109	1384	1486	2679	1051	1249	2070	2163	2117	1366	1470	1531	1786.15	2117	1456	0.687	-0.541	-4.954	7.28336489077504e-07	2.77234748214245e-05	0.0015	0.0146	0.008	0.008	TRUE	0.0369
FBgn0030529	25262	6903	7424	15682	5158	6154	12724	10788	10578	7997	7214	7543	9474.02	11363	7585	0.667	-0.583	-4.944	7.63946515057408e-07	2.89551983387929e-05	0.0066	0.0132	0.0099	0.0099	TRUE	0.1349
FBgn0013272	31993	9829	10717	22857	8027	8967	16114	15361	15271	11656	11227	10991	13436.45	15582	11291	0.725	-0.465	-4.904	9.39880321277875e-07	3.53228439730887e-05	8e-04	0.0131	0.0064	0.0064	TRUE	0.011
FBgn0031913	1995	712	947	1335	513	586	1005	1113	1349	681	718	718	930.57	1156	706	0.611	-0.71	-4.884	1.0391680335222e-06	3.85661236440925e-05	0.0104	0.0162	0.014	0.014	TRUE	0.2557
FBgn0260429	343	84	64	112	30	28	173	131	91	57	42	34	88.1	132	44	0.341	-1.553	-4.873	1.10088524924414e-06	4.06870743361723e-05	0.0747	0.0486	0.0579	0.0579	TRUE	0.0928
FBgn0031548	127	44	50	43	10	21	64	69	71	22	14	26	44.27	68	21	0.308	-1.699	-4.858	1.18395571644663e-06	4.35764196958272e-05	0	0.084	0.0566	0.0566	TRUE	0.2702
FBgn0010382	2680	1016	929	1740	703	734	1350	1588	1324	887	983	900	1171.93	1421	923	0.65	-0.621	-4.829	1.37147341764381e-06	4.98733050597852e-05	0.0055	0.0155	0.011	0.011	TRUE	0.1236
FBgn0051523	12636	3373	3449	7642	2166	2312	6364	5271	4914	3897	3029	2834	4385.06	5516	3253	0.59	-0.761	-4.829	1.37183785108874e-06	4.98733050597852e-05	0.0241	0.0136	0.0176	0.0176	TRUE	0.3682
FBgn0039101	641	211	234	377	125	169	323	330	333	192	175	207	260.04	329	191	0.584	-0.777	-4.81	1.51046720829762e-06	5.44685482765463e-05	0	0.025	0.0145	0.0145	TRUE	0.0505
FBgn0027580	2647	1211	1174	1433	698	831	1333	1893	1673	731	976	1019	1270.69	1633	909	0.556	-0.847	-4.805	1.54994394583019e-06	5.56667367964092e-05	0.0282	0.0153	0.0215	0.0215	TRUE	0.2439
FBgn0037223	89	22	22	12	4	7	45	34	31	6	6	9	21.81	37	7	0.179	-2.484	-4.802	1.56990127930136e-06	5.61570710632015e-05	0	0.1573	0.107	0.107	TRUE	0.3638
FBgn0261545	4014	1429	1314	2900	883	1005	2022	2233	1872	1479	1235	1232	1678.82	2042	1315	0.645	-0.632	-4.753	2.00783262196505e-06	7.01324124072264e-05	0.0088	0.0147	0.0121	0.0121	TRUE	0.1477
FBgn0034400	13333	4693	4396	8995	3481	3883	6715	7334	6264	4587	4869	4759	5754.74	6771	4738	0.7	-0.515	-4.744	2.09448679033238e-06	7.28734134433223e-05	0.0033	0.0134	0.0083	0.0083	TRUE	0.0638
FBgn0033359	1013	338	302	440	214	248	510	528	430	224	299	304	382.74	489	276	0.558	-0.84	-4.742	2.1182140190944e-06	7.31276444498987e-05	0.0175	0.0211	0.0196	0.0196	TRUE	0.3452
FBgn0030349	3923	1462	1486	2681	1090	1188	1976	2285	2117	1367	1525	1456	1787.65	2126	1449	0.682	-0.553	-4.715	2.41914700049119e-06	8.31943719435329e-05	0.0037	0.0146	0.0093	0.0093	TRUE	0.0512
FBgn0044047	1568	387	412	846	239	276	790	605	587	431	334	338	514.27	661	368	0.558	-0.842	-4.714	2.42863465764533e-06	8.31994188294115e-05	0.0224	0.019	0.0208	0.0208	TRUE	0.3649
FBgn0013576	6089	2015	1999	4247	1567	1688	3067	3149	2848	2166	2192	2069	2581.77	3021	2142	0.709	-0.496	-4.71	2.47474967685767e-06	8.4454388397591e-05	0.0012	0.0141	0.0076	0.0076	TRUE	0.0298
FBgn0010591	3426	1221	1424	2118	929	1061	1726	1908	2029	1080	1299	1300	1557.11	1888	1226	0.649	-0.623	-4.705	2.54015660014728e-06	8.63556291508084e-05	0.0085	0.0149	0.0119	0.0119	TRUE	0.1377
FBgn0040398	8594	3113	4033	4730	2235	2733	4329	4865	5747	2412	3126	3350	3971.33	4980	2963	0.595	-0.75	-4.688	2.75855300829117e-06	9.30698168365508e-05	0.0236	0.0136	0.0181	0.0181	TRUE	0.3263
FBgn0030326	295	104	163	157	66	55	149	163	232	80	92	67	130.53	181	80	0.444	-1.173	-4.686	2.78193817091969e-06	9.35046161825725e-05	0.0335	0.037	0.0357	0.0357	TRUE	0.617
FBgn0027091	2455	905	980	1573	676	745	1236	1414	1396	802	945	913	1118	1349	887	0.657	-0.606	-4.683	2.82283483014919e-06	9.41685012439657e-05	0.0059	0.0157	0.0111	0.0111	TRUE	0.089
FBgn0265194	3505	1262	1258	2374	955	1035	1765	1972	1793	1211	1336	1269	1557.51	1843	1272	0.69	-0.536	-4.674	2.9472833210379e-06	9.7953181121211e-05	0.0024	0.0149	0.0088	0.0088	TRUE	0.0441
FBgn0035020	885	230	252	474	155	175	446	359	359	242	217	214	306.21	388	224	0.577	-0.794	-4.673	2.97249692152727e-06	9.84239036432841e-05	0.0092	0.0231	0.0171	0.0171	TRUE	0.2153
FBgn0034694	955	300	387	631	212	255	481	469	551	322	297	313	405.35	500	311	0.622	-0.684	-4.665	3.08729595088443e-06	0.000101846463090843	0.0022	0.0206	0.0127	0.0127	TRUE	0.0868
FBgn0052311	3555	1294	1090	2142	898	856	1791	2022	1553	1092	1256	1049	1460.57	1789	1132	0.633	-0.66	-4.654	3.24965749887279e-06	0.000106807008643764	0.0122	0.015	0.0137	0.0137	TRUE	0.1234
FBgn0002778	2413	857	922	1807	615	711	1215	1339	1314	921	860	871	1086.92	1289	884	0.688	-0.54	-4.641	3.46522464359462e-06	0.00011347336728124	0.0016	0.0157	0.0087	0.0087	TRUE	0.0324
FBgn0000256	5316	1771	1683	3260	1323	1523	2677	2768	2398	1662	1850	1867	2203.81	2614	1793	0.685	-0.546	-4.64	3.49168834964771e-06	0.000113921128682462	0.004	0.0143	0.0095	0.0095	TRUE	0.0623
FBgn0028939	50	21	34	11	3	6	25	33	48	6	4	7	20.6	35	6	0.164	-2.605	-4.637	3.53670321046466e-06	0.000114968669692003	0	0.1657	0.1287	0.1287	TRUE	0.187
FBgn0266452	1472	454	538	928	379	363	741	710	767	473	530	445	610.96	739	483	0.652	-0.617	-4.614	3.94389676606223e-06	0.000126816925975871	0.0013	0.018	0.0111	0.0111	TRUE	0.0778
FBgn0025836	223	62	74	90	35	36	112	97	105	46	49	44	75.6	105	46	0.438	-1.19	-4.595	4.33048295255974e-06	0.000137265521916191	0	0.0545	0.0325	0.0325	TRUE	0.0475
FBgn0011274	2192	550	601	1230	411	424	1104	860	856	627	575	520	756.95	940	574	0.61	-0.714	-4.582	4.60836752939617e-06	0.000145555778667843	0.0137	0.017	0.016	0.016	TRUE	0.2914
FBgn0032775	5848	2467	2730	4047	1727	1886	2945	3855	3890	2064	2415	2312	2913.62	3563	2264	0.635	-0.654	-4.555	5.23587131326841e-06	0.000163634757148357	0.0139	0.0139	0.0145	0.0145	TRUE	0.2853
FBgn0035001	19273	6351	6297	13283	5171	5500	9707	9925	8973	6774	7232	6741	8225.4	9535	6916	0.725	-0.464	-4.551	5.35002012960529e-06	0.000166617584945435	0.002	0.0132	0.0073	0.0073	TRUE	0.0323
FBgn0033188	2847	1122	1141	2049	778	909	1434	1753	1626	1045	1088	1114	1343.4	1604	1082	0.676	-0.566	-4.521	6.15376291257889e-06	0.000188033237181466	0.0053	0.0152	0.0105	0.0105	TRUE	0.1092
FBgn0262870	97	34	45	35	13	11	49	53	64	18	18	13	35.94	55	16	0.303	-1.722	-4.521	6.16433201493075e-06	0.000188033237181466	0	0.1005	0.0654	0.0654	TRUE	0.1405
FBgn0262103	3463	1311	1157	2264	886	1020	1744	2049	1649	1154	1239	1250	1514.26	1814	1214	0.67	-0.579	-4.519	6.20726309368418e-06	0.000188696561008345	0.0065	0.0149	0.0111	0.0111	TRUE	0.1504
FBgn0010223	188	52	56	67	26	29	95	81	80	34	36	36	60.3	85	35	0.409	-1.288	-4.465	8.02551718548615e-06	0.000239876783795722	0	0.0651	0.0397	0.0397	TRUE	0.1141
FBgn0015600	2796	921	951	1926	750	748	1408	1439	1355	982	1049	917	1191.77	1401	983	0.701	-0.512	-4.403	1.06957661639513e-05	0.000315454268948062	0.001	0.0155	0.0088	0.0088	TRUE	0.0388
FBgn0038877	2729	710	866	1752	477	628	1375	1110	1234	893	667	770	1008.06	1240	777	0.628	-0.672	-4.399	1.08868263376797e-05	0.000320029578183873	0.0148	0.016	0.0157	0.0157	TRUE	0.2143
FBgn0028563	2118	817	888	1501	597	673	1067	1277	1265	765	835	825	1005.7	1203	808	0.673	-0.572	-4.383	1.17314773818056e-05	0.000343724569209679	0.0058	0.016	0.0111	0.0111	TRUE	0.1251
FBgn0259749	3043	1100	1275	1688	813	966	1533	1719	1817	861	1137	1184	1375.07	1690	1061	0.627	-0.674	-4.381	1.17966381563384e-05	0.000344500511667233	0.0161	0.0151	0.0162	0.0162	TRUE	0.3408
FBgn0001297	26555	9217	8603	17994	7097	7889	13375	14404	12258	9176	9926	9669	11468.2	13346	9590	0.719	-0.477	-4.378	1.19683283995265e-05	0.000347237462718509	0.0039	0.0131	0.0085	0.0085	TRUE	0.0618
FBgn0050069	9629	2281	1729	4513	1158	1149	4850	3565	2464	2301	1620	1408	2701.26	3626	1776	0.49	-1.029	-4.379	1.19444752476126e-05	0.000347237462718509	0.0881	0.014	0.0393	0.0393	TRUE	0.1265
FBgn0020493	784	232	256	472	168	193	395	363	365	241	235	237	305.74	374	238	0.633	-0.659	-4.373	1.22776164249278e-05	0.00035390527345253	0	0.0231	0.0128	0.0128	TRUE	0.0311
FBgn0263257	280	76	83	125	47	39	141	119	118	64	66	48	92.56	126	59	0.468	-1.096	-4.373	1.2264540928718e-05	0.00035390527345253	0.0074	0.0469	0.0326	0.0326	TRUE	0.2031
FBgn0037222	817	247	273	524	140	200	411	386	389	267	196	245	315.78	395	236	0.601	-0.735	-4.338	1.43474574546541e-05	0.000409592319066038	0.0082	0.0228	0.0171	0.0171	TRUE	0.223
FBgn0039613	8020	2075	2460	5285	1553	1840	4039	3243	3505	2695	2172	2255	2984.98	3596	2374	0.66	-0.599	-4.33	1.4878626356276e-05	0.000422050716418312	0.0129	0.0139	0.0134	0.0134	TRUE	0.1727
FBgn0005636	906	432	361	565	240	270	456	675	514	288	336	331	433.43	548	318	0.581	-0.783	-4.317	1.57863862001703e-05	0.000442167741776468	0.0224	0.0201	0.0211	0.0211	TRUE	0.4602
FBgn0040290	1656	538	560	1073	436	447	834	841	798	547	610	548	696.28	824	568	0.688	-0.54	-4.314	1.60360713015795e-05	0.000447753251044415	4e-04	0.0174	0.0097	0.0097	TRUE	0.0448
FBgn0267336	3505	1171	909	2150	710	804	1765	1830	1295	1096	993	985	1327.58	1630	1025	0.629	-0.669	-4.311	1.62181357298184e-05	0.000451421671704665	0.0167	0.0152	0.0165	0.0165	TRUE	0.3822
FBgn0033446	257	77	64	101	37	44	129	120	91	52	52	54	83.03	113	53	0.457	-1.131	-4.31	1.63440251388341e-05	0.000453508510628024	0	0.0508	0.0353	0.0353	TRUE	0.2667
FBgn0036663	14628	6569	6647	10230	4491	4830	7368	10266	9471	5217	6281	5920	7420.52	9035	5806	0.643	-0.638	-4.301	1.70254770850096e-05	0.000468042976531422	0.0179	0.0133	0.0157	0.0157	TRUE	0.3206
FBgn0015522	359	136	113	218	60	66	181	213	161	111	84	81	138.39	185	92	0.507	-0.981	-4.297	1.73110219182453e-05	0.000474428529925573	0.0181	0.0356	0.0291	0.0291	TRUE	0.4012
FBgn0261547	1518	572	489	947	385	419	765	894	697	483	538	514	648.37	785	512	0.651	-0.619	-4.283	1.84276997550295e-05	0.000495877709117968	0.0072	0.0177	0.0133	0.0133	TRUE	0.1633
FBgn0263042	131	39	52	57	13	19	66	61	74	29	18	23	45.26	67	23	0.362	-1.466	-4.273	1.92525553697854e-05	0.000514962494530567	0	0.0824	0.0563	0.0563	TRUE	0.3946
FBgn0032400	1549	308	348	729	173	229	780	481	496	372	242	281	441.96	586	298	0.509	-0.973	-4.259	2.05411923038342e-05	0.00054472076159138	0.0625	0.02	0.0349	0.0349	TRUE	1.031
FBgn0261836	77256	24618	18346	47667	13788	14264	38911	38473	26141	24307	19285	17483	27433.47	34508	20358	0.59	-0.761	-4.255	2.08907259631491e-05	0.000552147466331658	0.0371	0.013	0.023	0.023	TRUE	0.5504
FBgn0033520	66	8	18	7	0	1	33	13	26	4	0	1	12.7	24	2	0.083	-3.589	-4.24	2.23768795591892e-05	0.000587937658506485	0.2645	0.2609	0.2617	0.2617	TRUE	0.5477
FBgn0266418	1044	377	409	674	282	311	526	589	583	344	394	381	469.52	566	373	0.659	-0.603	-4.238	2.25840511729892e-05	0.000589900714949604	0.0035	0.0196	0.0122	0.0122	TRUE	0.0622
FBgn0039209	4689	1424	1223	2981	869	1053	2362	2225	1743	1520	1215	1291	1726	2110	1342	0.636	-0.652	-4.232	2.31298480750521e-05	0.000600634276397927	0.018	0.0147	0.0164	0.0164	TRUE	0.2778
FBgn0262127	8873	2805	2484	5760	2031	2300	4469	4384	3539	2937	2841	2819	3498.19	4131	2866	0.694	-0.528	-4.198	2.69551584547135e-05	0.000687935806178031	0.0075	0.0137	0.0111	0.0111	TRUE	0.1894
FBgn0053181	1017	284	288	614	197	211	512	444	410	313	276	259	368.95	455	283	0.62	-0.689	-4.196	2.71566278372306e-05	0.000691097383274895	0.0098	0.0214	0.0164	0.0164	TRUE	0.1519
FBgn0001114	91849	29582	32345	49802	24223	27851	46261	46231	46088	25396	33880	34137	38665.47	46193	31138	0.674	-0.569	-4.192	2.76257970478056e-05	0.000701034114828502	0.0127	0.0129	0.0133	0.0133	TRUE	0.3191
FBgn0260486	5030	1752	1507	3652	1065	1109	2533	2738	2147	1862	1490	1359	2021.66	2473	1570	0.636	-0.653	-4.191	2.77150328679379e-05	0.000701300561803191	0.0204	0.0144	0.0169	0.0169	TRUE	0.3268
FBgn0013763	54728	21973	28996	35273	15930	19182	27565	34340	41316	17987	22281	23511	27833.23	34407	21260	0.618	-0.695	-4.179	2.93232150058943e-05	0.000739892000162892	0.0292	0.013	0.0199	0.0199	TRUE	0.1251
FBgn0038595	342	123	146	176	81	91	172	192	208	90	113	112	147.85	191	105	0.546	-0.873	-4.161	3.1678455613119e-05	0.000794816913087469	0.0089	0.0341	0.0239	0.0239	TRUE	0.2063
FBgn0032899	2716	830	1187	1693	629	876	1368	1297	1691	863	880	1074	1195.54	1452	939	0.646	-0.63	-4.124	3.71849372710993e-05	0.000920017322982449	0.0169	0.0155	0.0159	0.0159	TRUE	0.2447
FBgn0011206	853	233	207	475	123	155	430	364	295	242	172	190	282.16	363	201	0.557	-0.844	-4.093	4.25813212036591e-05	0.0010419555713214	0.0306	0.024	0.0266	0.0266	TRUE	0.1503
FBgn0038290	2405	680	883	1646	590	684	1211	1063	1258	839	825	838	1005.86	1177	834	0.708	-0.498	-4.056	5.00155245215149e-05	0.00120401456961478	0.0023	0.016	0.0098	0.0098	TRUE	0.0823
FBgn0036746	4003	1309	1176	2710	952	1089	2016	2046	1676	1382	1332	1335	1630.97	1913	1350	0.705	-0.503	-4.052	5.07078970980408e-05	0.00121412698777486	0.0051	0.0148	0.0104	0.0104	TRUE	0.1389
FBgn0034636	60	22	17	15	1	5	30	34	24	8	1	6	17.33	29	5	0.187	-2.419	-4.049	5.14289761085408e-05	0.00122480719304485	0	0.1946	0.152	0.152	TRUE	0.6828
FBgn0041180	18682	6144	7055	14671	5402	5797	9409	9602	10053	7481	7556	7105	8534.37	9688	7381	0.762	-0.392	-4.049	5.13631028263545e-05	0.00122480719304485	9e-04	0.0132	0.0066	0.0066	TRUE	0.0132
FBgn0028473	47856	17258	21158	28833	13576	16341	24103	26971	30148	14703	18988	20029	22490.43	27074	17907	0.661	-0.597	-4.028	5.61533451705981e-05	0.00132667863510482	0.0186	0.013	0.0158	0.0158	TRUE	0.3006
FBgn0015576	383	135	149	249	88	90	193	211	212	127	123	110	162.76	205	120	0.59	-0.762	-4.008	6.11222566356083e-05	0.00142293439934603	0	0.0322	0.0192	0.0192	TRUE	0.0479
FBgn0031313	2824	1250	1408	1906	865	986	1422	1954	2006	972	1210	1209	1462.07	1794	1130	0.63	-0.666	-4.009	6.09867058565821e-05	0.00142293439934603	0.0249	0.015	0.0191	0.0191	TRUE	0.4088
FBgn0050269	798	234	228	380	137	217	402	366	325	194	192	266	290.64	364	217	0.592	-0.757	-4.008	6.11860194172593e-05	0.00142293439934603	0.0191	0.0237	0.0218	0.0218	TRUE	0.4032
FBgn0052687	750	249	278	487	187	216	378	389	396	248	262	265	322.94	388	258	0.665	-0.588	-3.997	6.4169214482253e-05	0.00148842498279538	0	0.0226	0.0122	0.0122	TRUE	0.015
FBgn0020762	2420	894	927	1847	653	796	1219	1397	1321	942	913	976	1127.96	1312	944	0.721	-0.473	-3.99	6.60706246569394e-05	0.0015285481917386	0.0023	0.0156	0.0091	0.0091	TRUE	0.0495
FBgn0032330	868	347	301	496	211	268	437	542	429	253	295	328	380.82	469	292	0.621	-0.688	-3.988	6.65754475183641e-05	0.00153623707524888	0.0146	0.0211	0.0185	0.0185	TRUE	0.2001
FBgn0015801	1891	618	674	1305	496	591	952	966	960	665	694	724	827.04	959	694	0.723	-0.468	-3.985	6.74432133636027e-05	0.00154823892121033	0	0.0167	0.0086	0.0086	TRUE	0.0176
FBgn0035084	303	125	127	166	74	84	153	195	181	85	104	103	136.67	176	97	0.549	-0.864	-3.97	7.19471026811521e-05	0.00163895867923535	0.011	0.0359	0.0257	0.0257	TRUE	0.1798
FBgn0028542	2064	932	1297	1071	611	743	1040	1457	1848	546	855	911	1109.27	1448	771	0.532	-0.912	-3.963	7.38865095103861e-05	0.00167870734784121	0.0699	0.0157	0.0371	0.0371	TRUE	0.1282
FBgn0038874	259	101	103	133	53	73	130	158	147	68	74	89	111.08	145	77	0.531	-0.914	-3.946	7.95745994700248e-05	0.00178083155145606	0.0081	0.0412	0.0283	0.0283	TRUE	0.1704
FBgn0051098	404	129	152	245	97	89	203	202	217	125	136	109	165.23	207	123	0.595	-0.749	-3.931	8.47516807211502e-05	0.00188250179596829	0	0.0319	0.0194	0.0194	TRUE	0.0866
FBgn0022338	2263	720	830	1516	583	731	1140	1125	1183	773	815	896	988.69	1149	828	0.719	-0.475	-3.924	8.72646417660079e-05	0.00193349792091998	0.0021	0.016	0.0094	0.0094	TRUE	0.0608
FBgn0262818	782	265	212	495	146	173	394	414	302	252	204	212	296.46	370	223	0.605	-0.724	-3.915	9.03025173925984e-05	0.0019958424873843	0.0168	0.0235	0.0209	0.0209	TRUE	0.2751
FBgn0020386	6514	2431	2313	5010	1860	2039	3281	3799	3296	2555	2602	2499	3005.22	3459	2552	0.738	-0.438	-3.915	9.057474551729e-05	0.00199690410475867	0.0033	0.0139	0.0086	0.0086	TRUE	0.0889
FBgn0085334	205	33	58	72	20	20	103	52	83	37	28	25	54.45	79	30	0.377	-1.407	-3.911	9.17960120524104e-05	0.00201685994554049	0.0683	0.0707	0.0699	0.0699	TRUE	0.1461
FBgn0026160	4519	1466	1346	3046	1125	1282	2276	2291	1918	1553	1573	1571	1863.86	2162	1566	0.724	-0.466	-3.907	9.34237217761435e-05	0.00203453567202961	0.004	0.0145	0.0097	0.0097	TRUE	0.1156
FBgn0036196	409	175	188	307	102	106	206	273	268	157	143	130	196.08	249	143	0.583	-0.779	-3.903	9.5085413209531e-05	0.00206567262306657	0.0146	0.0289	0.0229	0.0229	TRUE	0.2995
FBgn0039637	6149	2155	2579	4313	1824	2061	3097	3368	3675	2199	2551	2526	2902.73	3380	2425	0.717	-0.479	-3.895	9.82960246060549e-05	0.00211478910909693	0.0064	0.0139	0.0105	0.0105	TRUE	0.0829
FBgn0039804	2144	779	788	1508	575	714	1080	1217	1123	769	804	875	978.08	1140	816	0.716	-0.482	-3.885	0.000102504369181171	0.00220001546095587	0.0031	0.0161	0.01	0.01	TRUE	0.0473
FBgn0004198	10115	3436	3024	6734	2653	2866	5095	5370	4309	3434	3711	3513	4238.45	4925	3553	0.721	-0.472	-3.875	0.000106637395296565	0.00227774407651439	0.0067	0.0136	0.0104	0.0104	TRUE	0.1442
FBgn0033502	190	83	88	105	41	52	96	130	125	54	57	64	87.57	117	58	0.501	-0.998	-3.862	0.000112639030520835	0.00240018144700736	0	0.0488	0.0347	0.0347	TRUE	0.3243
FBgn0002609	109	37	34	45	15	12	55	58	48	23	21	15	36.63	54	20	0.371	-1.432	-3.855	0.000115588418261854	0.00245715045694112	0	0.0988	0.0647	0.0647	TRUE	0.2184
FBgn0003891	31065	10280	9291	22956	7603	8146	15646	16066	13239	11706	10634	9984	12879.23	14984	10775	0.719	-0.476	-3.85	0.00011819414122845	0.00250656003790907	0.0083	0.0131	0.0109	0.0109	TRUE	0.1266
FBgn0020414	23991	6221	7348	16031	5271	6403	12083	9722	10470	8175	7372	7848	9278.51	10758	7798	0.725	-0.465	-3.843	0.000121490667290538	0.00257035005595445	0.0075	0.0132	0.0104	0.0104	TRUE	0.1427
FBgn0029881	11617	3661	3063	7813	2469	2784	5851	5721	4364	3984	3453	3412	4464.46	5312	3616	0.681	-0.555	-3.838	0.000124001876310121	0.00261726235140816	0.0156	0.0135	0.0148	0.0148	TRUE	0.2955
FBgn0014906	8218	2664	3136	5944	2382	2693	4139	4163	4468	3031	3332	3301	3739.06	4257	3221	0.756	-0.403	-3.831	0.000127483622554987	0.00265817411624238	0.0018	0.0137	0.0077	0.0077	TRUE	0.0332
FBgn0027590	1110	351	380	700	280	330	559	549	541	357	392	404	467.02	550	384	0.696	-0.523	-3.831	0.000127560431901329	0.00265817411624238	0	0.0196	0.0111	0.0111	TRUE	0.0516
FBgn0028331	12595	3848	4000	8117	3175	3943	6344	6014	5700	4139	4441	4833	5244.96	6019	4471	0.742	-0.43	-3.833	0.000126658447713605	0.00265817411624238	0.0042	0.0134	0.0089	0.0089	TRUE	0.0612
FBgn0031637	2857	976	1068	1986	840	895	1439	1525	1522	1013	1175	1097	1295.11	1495	1095	0.731	-0.451	-3.832	0.000127024418867292	0.00265817411624238	0.0027	0.0153	0.0091	0.0091	TRUE	0.0547
FBgn0031988	4563	1420	1446	3220	1206	1317	2298	2219	2060	1642	1687	1614	1920.14	2192	1648	0.751	-0.414	-3.83	0.000128327705173933	0.00265817411624238	0.0014	0.0145	0.0078	0.0078	TRUE	0.0334
FBgn0035879	3202	1136	1119	2196	900	1027	1613	1775	1594	1120	1259	1259	1436.66	1661	1213	0.729	-0.455	-3.831	0.00012751547071352	0.00265817411624238	0.0034	0.015	0.0094	0.0094	TRUE	0.0567
FBgn0042094	309	91	91	175	51	53	156	142	130	89	71	65	108.84	143	75	0.533	-0.908	-3.831	0.000127809819559342	0.00265817411624238	0.0111	0.0418	0.0301	0.0301	TRUE	0.3221
FBgn0260745	12787	4644	5296	7875	3757	4350	6440	7258	7546	4016	5255	5332	5974.43	7081	4868	0.687	-0.541	-3.815	0.000135993305448621	0.0028039175269233	0.0145	0.0134	0.0143	0.0143	TRUE	0.2888
FBgn0002945	169	65	44	82	19	29	85	102	63	42	27	36	58.89	83	35	0.426	-1.231	-3.8	0.000144487274166221	0.00295171594265718	0.0313	0.0663	0.0548	0.0548	TRUE	0.1281
FBgn0054056	212	59	64	84	39	40	107	92	91	43	55	49	72.76	97	49	0.494	-1.018	-3.795	0.000147492471704713	0.00300621383403634	0	0.0561	0.0359	0.0359	TRUE	0.1359
FBgn0033079	913	275	294	482	228	244	460	430	419	246	319	299	362.05	436	288	0.654	-0.614	-3.788	0.000152003005434417	0.00309107481599168	0.0082	0.0215	0.0158	0.0158	TRUE	0.2138
FBgn0003366	53	16	22	9	5	7	27	25	31	5	7	9	17.2	28	7	0.231	-2.114	-3.787	0.000152590248511848	0.00309594839064928	0	0.196	0.1297	0.1297	TRUE	0.4737
FBgn0005593	67474	25884	34498	40708	20186	24115	33984	40452	49156	20759	28233	29557	33690.26	41197	26183	0.636	-0.654	-3.779	0.000157610865245506	0.00318331060485652	0.0334	0.0129	0.0216	0.0216	TRUE	0.2144
FBgn0086358	3259	1217	1134	2101	923	1042	1641	1902	1616	1071	1291	1277	1466.46	1720	1213	0.705	-0.505	-3.771	0.000162546569325836	0.00327211416596833	0.0083	0.015	0.0122	0.0122	TRUE	0.1316
FBgn0262582	21109	7735	6683	13183	5783	6487	10632	12088	9523	6723	8088	7951	9167.47	10748	7587	0.706	-0.503	-3.771	0.000162742402102164	0.00327211416596833	0.0119	0.0132	0.0127	0.0127	TRUE	0.1447
FBgn0039776	6998	2565	2985	4601	1952	2528	3525	4009	4253	2346	2730	3099	3326.92	3929	2725	0.693	-0.528	-3.764	0.000167102673791418	0.00335221512491027	0.0135	0.0138	0.0139	0.0139	TRUE	0.1834
FBgn0010316	1283	355	314	790	213	231	646	555	447	403	298	283	438.72	549	328	0.599	-0.74	-3.757	0.000172265471101175	0.00343259183690865	0.0325	0.02	0.0254	0.0254	TRUE	0.2328
FBgn0036824	6331	2554	3118	4333	1861	2362	3189	3991	4443	2210	2603	2895	3221.75	3874	2569	0.663	-0.593	-3.749	0.00017762877008605	0.00352369589121703	0.0219	0.0138	0.0177	0.0177	TRUE	0.296
FBgn0004650	363	101	114	185	61	91	183	158	162	94	85	112	132.38	168	97	0.575	-0.798	-3.748	0.000178174028922342	0.00352665794580289	0.0036	0.0366	0.0242	0.0242	TRUE	0.1403
FBgn0011722	25973	10599	11068	16640	8334	8635	13082	16564	15771	8485	11656	10584	12690.39	15139	10242	0.676	-0.564	-3.747	0.00017892926238511	0.00353170066851227	0.0195	0.0131	0.0162	0.0162	TRUE	0.2764
FBgn0027578	3039	871	1007	2084	796	849	1531	1361	1435	1063	1113	1041	1257.23	1442	1072	0.742	-0.431	-3.746	0.000179701709716785	0.00353334023939824	0.0017	0.0153	0.0086	0.0086	TRUE	0.0364
FBgn0038745	3273	1089	1206	2456	944	1043	1648	1702	1718	1252	1320	1278	1486.66	1689	1283	0.76	-0.397	-3.738	0.000185754230363461	0.0036283178286126	0	0.015	0.0074	0.0074	TRUE	0.0073
FBgn0259110	1572	581	547	1175	418	482	792	908	779	599	585	591	708.96	826	592	0.717	-0.479	-3.723	0.000196533030733351	0.00380547761900425	0.002	0.0173	0.0104	0.0104	TRUE	0.0835
FBgn0086708	586	212	200	329	151	166	295	331	285	168	211	203	248.98	304	194	0.635	-0.656	-3.713	0.000204426853563596	0.00394119044305401	0.0071	0.0255	0.018	0.018	TRUE	0.1853
FBgn0035496	663	160	210	395	115	148	334	250	299	201	161	181	237.81	294	181	0.616	-0.7	-3.707	0.000209534602583119	0.004013601516576	0.0133	0.0261	0.021	0.021	TRUE	0.1811
FBgn0000416	80285	28187	31241	61632	24301	27797	40437	44051	44515	31429	33989	34070	38081.79	43001	33163	0.771	-0.375	-3.702	0.000213941512937894	0.00408922114965197	0.0023	0.0129	0.0074	0.0074	TRUE	0.0334
FBgn0085261	412	152	147	211	84	129	208	238	209	108	117	158	172.95	218	128	0.582	-0.781	-3.697	0.000218579774637052	0.00416892944901975	0.0156	0.0311	0.0256	0.0256	TRUE	0.4229
FBgn0031285	6902	2323	2818	4531	2028	2317	3476	3630	4015	2311	2836	2840	3184.83	3707	2662	0.718	-0.479	-3.693	0.000221819516332201	0.00422168041019427	0.0089	0.0138	0.0118	0.0118	TRUE	0.166
FBgn0038660	3409	1278	1431	2290	984	1214	1717	1997	2039	1168	1376	1488	1630.89	1918	1344	0.7	-0.514	-3.69	0.000224215168012151	0.00425817590934803	0.0105	0.0148	0.0133	0.0133	TRUE	0.1652
FBgn0032859	8391	2489	2628	6377	1909	2119	4226	3890	3745	3252	2670	2597	3396.65	3954	2840	0.719	-0.476	-3.684	0.000229340722664779	0.00434625067398975	0.0095	0.0138	0.0117	0.0117	TRUE	0.1993
FBgn0004652	8290	2452	2029	5576	1459	1594	4175	3832	2891	2843	2041	1954	2956.05	3633	2279	0.628	-0.672	-3.672	0.00024112729653159	0.00455025599620101	0.0404	0.0139	0.0237	0.0237	TRUE	0.5754
FBgn0033363	188	100	99	132	44	53	95	156	141	67	62	65	97.64	131	65	0.504	-0.988	-3.672	0.000240785911959604	0.00455025599620101	0.0328	0.0451	0.0401	0.0401	TRUE	0.7396
FBgn0028397	1110	328	256	681	175	195	559	513	365	347	245	239	377.91	479	277	0.581	-0.784	-3.661	0.000251574485730185	0.00471741883031317	0.0423	0.0212	0.03	0.03	TRUE	0.6018
FBgn0034398	11495	3538	4556	9143	3045	3658	5790	5529	6492	4662	4259	4484	5202.59	5937	4468	0.753	-0.409	-3.651	0.00026167930409403	0.00486592392811174	0.0042	0.0134	0.0088	0.0088	TRUE	0.0808
FBgn0033356	2745	622	835	1628	560	657	1383	972	1190	830	783	805	993.85	1182	806	0.681	-0.555	-3.642	0.000270649528250848	0.00500140113719979	0.014	0.016	0.0156	0.0156	TRUE	0.151
FBgn0038088	526	178	194	372	116	146	265	278	276	190	162	179	225.07	273	177	0.653	-0.615	-3.64	0.000273101878554861	0.00502586452952096	0	0.0268	0.0157	0.0157	TRUE	0.0509
FBgn0037705	1133	384	333	783	265	235	571	600	474	399	371	288	450.54	548	353	0.645	-0.633	-3.637	0.000275372840159254	0.00505720801504839	0.0185	0.0198	0.0193	0.0193	TRUE	0.2851
FBgn0033448	1690	611	671	1222	471	581	851	955	956	623	659	712	792.7	921	665	0.722	-0.469	-3.631	0.00028280527213558	0.00518301761092923	0.0037	0.0168	0.0107	0.0107	TRUE	0.0563
FBgn0027594	14372	6158	5869	9454	4474	5043	7239	9624	8363	4821	6258	6181	7080.82	8409	5753	0.684	-0.548	-3.618	0.000297304397050863	0.00543734196109828	0.0197	0.0133	0.0164	0.0164	TRUE	0.193
FBgn0035802	216	94	83	122	56	47	109	147	118	62	78	58	95.35	125	66	0.531	-0.914	-3.613	0.000303192584002713	0.0055225692141353	0.0132	0.0459	0.034	0.034	TRUE	0.2188
FBgn0020376	85	34	43	40	9	20	43	53	61	20	13	25	35.79	52	19	0.375	-1.414	-3.605	0.000311985544252404	0.00563306857763259	0.0219	0.1009	0.0749	0.0749	TRUE	0.23
FBgn0032005	8800	3019	3285	6417	2427	3115	4432	4718	4681	3272	3395	3818	4052.67	4610	3495	0.758	-0.4	-3.605	0.000312421227949983	0.00563306857763259	0.0035	0.0136	0.0086	0.0086	TRUE	0.0793
FBgn0037899	6080	2012	2408	4552	1697	2122	3062	3144	3431	2321	2374	2601	2822.25	3212	2432	0.757	-0.402	-3.591	0.00032990277526332	0.00588465901011206	0.0031	0.014	0.0086	0.0086	TRUE	0.0446
FBgn0038912	1222	433	462	914	349	372	615	677	658	466	488	456	560.11	650	470	0.724	-0.465	-3.591	0.000329741721047653	0.00588465901011206	0	0.0185	0.0102	0.0102	TRUE	0.0285
FBgn0039026	6797	2440	2159	4619	1886	2116	3423	3813	3076	2355	2638	2594	2983.31	3437	2529	0.735	-0.444	-3.577	0.000347931379811221	0.00616876775904308	0.007	0.0139	0.0107	0.0107	TRUE	0.1087
FBgn0035262	715	302	286	561	198	204	360	472	408	286	277	250	342.11	413	271	0.661	-0.597	-3.576	0.000349331886499679	0.00617360935129492	0.0097	0.0221	0.0168	0.0168	TRUE	0.1716
FBgn0270926	1723	511	579	1249	443	469	868	799	825	637	620	575	720.47	831	611	0.735	-0.444	-3.564	0.000364705447033644	0.00641982493424638	0.0013	0.0172	0.0097	0.0097	TRUE	0.03
FBgn0025628	7000	2620	3174	4912	2118	2549	3526	4095	4523	2505	2962	3124	3455.72	4048	2864	0.707	-0.499	-3.552	0.000381967968243574	0.00665790350909102	0.0135	0.0138	0.0139	0.0139	TRUE	0.1575
FBgn0050085	5083	1768	1987	3773	1593	1619	2560	2763	2831	1924	2228	1984	2381.82	2718	2045	0.752	-0.411	-3.553	0.000381412394743045	0.00665790350909102	0.0038	0.0142	0.0092	0.0092	TRUE	0.0726
FBgn0030054	6168	2006	1830	4191	1546	1878	3107	3135	2608	2137	2162	2302	2575.08	2950	2200	0.745	-0.424	-3.521	0.000429611294229054	0.00744464552081359	0.0053	0.0141	0.01	0.01	TRUE	0.1233
FBgn0030752	8105	2838	3203	6438	2462	2794	4082	4435	4564	3283	3443	3425	3872.08	4360	3384	0.776	-0.365	-3.514	0.000441232769933659	0.00763118501320214	0.0019	0.0137	0.0075	0.0075	TRUE	0.0389
FBgn0033033	4264	1345	1291	3053	1085	1249	2148	2102	1840	1557	1518	1531	1782.4	2030	1535	0.756	-0.404	-3.509	0.000449085574698319	0.00772201778733191	0.003	0.0146	0.0089	0.0089	TRUE	0.08
FBgn0032156	3452	1013	1091	2519	871	972	1739	1583	1555	1285	1218	1191	1428.41	1626	1231	0.757	-0.401	-3.506	0.000455292967038608	0.00779864318733247	0.0023	0.015	0.0087	0.0087	TRUE	0.047
FBgn0003507	12804	4200	4042	8118	3661	3824	6449	6564	5759	4140	5120	4687	5453.23	6257	4649	0.742	-0.43	-3.475	0.000510140887666709	0.00865490454561405	0.0077	0.0134	0.0108	0.0108	TRUE	0.1135
FBgn0000286	1208	392	349	744	291	343	608	613	497	379	407	420	487.53	573	402	0.699	-0.516	-3.475	0.00051158537214695	0.00865736483759341	0.006	0.0193	0.0136	0.0136	TRUE	0.1477
FBgn0053155	234	20	22	39	13	6	118	31	31	20	18	7	37.65	60	15	0.25	-2	-3.474	0.000512297110032248	0.00865736483759341	0.3933	0.0965	0.1968	0.1968	TRUE	7.1731
FBgn0024150	4319	1831	1700	2947	1353	1489	2175	2862	2422	1503	1892	1825	2113.23	2486	1740	0.7	-0.515	-3.469	0.000523029555518519	0.008789857077365	0.0162	0.0143	0.0154	0.0154	TRUE	0.2095
FBgn0265048	21013	6574	7062	14123	6104	6570	10584	10274	10063	7202	8537	8053	9118.68	10307	7931	0.769	-0.379	-3.466	0.000528750555314418	0.00885259623343143	0.0038	0.0132	0.0085	0.0085	TRUE	0.0797
FBgn0003862	9650	3147	2537	6814	2160	2258	4860	4918	3615	3475	3021	2768	3776.16	4464	3088	0.692	-0.531	-3.455	0.000549823311422529	0.00911969503694686	0.0199	0.0137	0.0168	0.0168	TRUE	0.3353
FBgn0033402	2572	796	871	1730	650	847	1295	1244	1241	882	909	1038	1101.67	1260	943	0.747	-0.421	-3.445	0.000571176048539298	0.00942123160062875	0.0028	0.0157	0.0098	0.0098	TRUE	0.0914
FBgn0010549	865	296	332	647	234	264	436	463	473	330	327	324	392.02	457	327	0.717	-0.479	-3.439	0.00058468872208317	0.00959083323682283	0	0.0209	0.0112	0.0112	TRUE	0.0225
FBgn0026064	570	218	168	336	134	160	287	341	239	171	187	196	237.01	289	185	0.638	-0.648	-3.437	0.000588597259200428	0.00960332569069308	0.0124	0.0261	0.0209	0.0209	TRUE	0.1296
FBgn0041342	7505	2872	3133	4781	2302	2684	3780	4488	4464	2438	3220	3290	3613.35	4244	2983	0.702	-0.51	-3.437	0.000588684835199104	0.00960332569069308	0.0166	0.0137	0.0155	0.0155	TRUE	0.3153
FBgn0010300	11918	4233	3681	8620	3276	3629	6003	6615	5245	4396	4582	4448	5214.8	5954	4475	0.752	-0.412	-3.43	0.000604295826850308	0.00983996879297202	0.0066	0.0134	0.0102	0.0102	TRUE	0.1311
FBgn0023129	742	270	323	546	215	234	374	422	460	278	301	287	353.64	419	289	0.691	-0.532	-3.424	0.000616139298132028	0.00997809586993086	0.005	0.0217	0.0143	0.0143	TRUE	0.1167
FBgn0266417	253	86	103	158	40	73	127	134	147	81	56	89	105.76	136	75	0.56	-0.836	-3.422	0.000620733990578632	0.0100342607152157	0.0091	0.0426	0.0323	0.0323	TRUE	0.3622
FBgn0243512	5783	1553	1445	3715	1158	1346	2913	2427	2059	1894	1620	1650	2093.76	2466	1721	0.698	-0.519	-3.419	0.000629605180984803	0.0101408559620825	0.0182	0.0143	0.0161	0.0161	TRUE	0.1986
FBgn0000535	627	236	176	433	136	134	316	369	251	221	190	164	251.78	312	192	0.619	-0.691	-3.416	0.000635834505276114	0.0102227038600981	0.0246	0.0254	0.0251	0.0251	TRUE	0.1477
FBgn0062978	71	22	20	26	6	7	36	34	28	13	8	9	21.48	33	10	0.318	-1.652	-3.415	0.000638662738640636	0.0102496738974273	0	0.1595	0.1058	0.1058	TRUE	0.4958
FBgn0035903	272	86	89	164	54	62	137	134	127	84	76	76	105.56	133	79	0.593	-0.754	-3.41	0.000648599803747755	0.0103717745996073	0	0.0427	0.0248	0.0248	TRUE	0.0426
FBgn0027585	126	54	45	57	29	25	63	84	64	29	41	31	52.04	70	34	0.469	-1.092	-3.406	0.000658423606509339	0.0105015274632307	0	0.0734	0.0511	0.0511	TRUE	0.2119
FBgn0031952	1003	344	329	737	241	298	505	538	469	376	337	365	431.62	504	359	0.715	-0.483	-3.4	0.000672836498768786	0.0107017048116671	9e-04	0.0201	0.012	0.012	TRUE	0.0389
FBgn0003557	5747	2062	2004	4489	1706	1861	2895	3223	2855	2289	2386	2281	2654.8	2991	2319	0.776	-0.367	-3.395	0.000685639951201787	0.0107921179905811	0.0019	0.014	0.008	0.008	TRUE	0.0546
FBgn0052813	386	129	144	215	102	106	194	202	205	110	143	130	163.9	200	128	0.63	-0.667	-3.397	0.000681755978337249	0.0107921179905811	0	0.0321	0.021	0.021	TRUE	0.1939
FBgn0267912	5480	1838	1720	4014	1474	1715	2760	2872	2451	2047	2062	2102	2382.32	2694	2070	0.768	-0.381	-3.394	0.000688214103362529	0.0107921179905811	0.0027	0.0142	0.0086	0.0086	TRUE	0.0743
FBgn0000078	161	32	78	58	33	24	81	50	111	30	46	29	57.9	81	35	0.426	-1.231	-3.392	0.000694115371258335	0.0108629901536751	0.0859	0.0672	0.0734	0.0734	TRUE	0.0884
FBgn0052251	2950	942	817	2172	608	723	1486	1472	1164	1108	850	886	1161.04	1374	948	0.691	-0.533	-3.383	0.000716152199625622	0.0111712217899569	0.0182	0.0156	0.0169	0.0169	TRUE	0.2686
FBgn0086450	10864	4894	4950	7224	3617	3997	5472	7648	7053	3684	5059	4899	5635.88	6724	4547	0.676	-0.565	-3.382	0.000719102665414652	0.0111976353860984	0.0274	0.0134	0.0199	0.0199	TRUE	0.3394
FBgn0033362	235	118	123	146	75	67	118	184	175	74	105	82	123.25	159	87	0.548	-0.868	-3.367	0.000760610071452395	0.011721027519769	0.0386	0.0384	0.0385	0.0385	TRUE	0.6443
FBgn0034804	82	30	40	38	14	17	41	47	57	19	20	21	34.16	48	20	0.415	-1.268	-3.36	0.000778457183956659	0.0119546864439689	0	0.105	0.0665	0.0665	TRUE	0.1925
FBgn0035132	3318	1014	1093	2586	854	947	1671	1585	1557	1319	1194	1161	1414.52	1604	1225	0.764	-0.389	-3.356	0.000791563987352965	0.0121239333468674	0.0026	0.0151	0.0089	0.0089	TRUE	0.0572
FBgn0038256	2247	773	951	1423	684	756	1132	1208	1355	726	957	927	1050.64	1232	870	0.705	-0.505	-3.354	0.000797173537137433	0.0121791161154084	0.0145	0.0158	0.0153	0.0153	TRUE	0.2645
FBgn0033128	1069	301	392	809	235	275	538	470	559	413	329	337	440.95	522	360	0.691	-0.533	-3.352	0.0008034827144646	0.0122335393807456	0.0098	0.02	0.0157	0.0157	TRUE	0.2112
FBgn0039467	11112	3533	4092	9249	3048	3591	5597	5521	5831	4716	4263	4401	5054.97	5650	4460	0.79	-0.34	-3.35	0.000807837727079199	0.012278857739069	0.0015	0.0135	0.0072	0.0072	TRUE	0.0313
FBgn0034219	2172	795	1002	1863	633	724	1094	1242	1428	950	885	887	1081.15	1255	907	0.726	-0.462	-3.344	0.000827128283582832	0.01255065012244	0.0092	0.0158	0.0128	0.0128	TRUE	0.1745
FBgn0263106	4574	1579	1650	3776	1296	1510	2304	2468	2351	1926	1813	1851	2118.58	2374	1863	0.786	-0.348	-3.34	0.000838427722824234	0.0127004689238018	8e-04	0.0143	0.0073	0.0073	TRUE	0.0141
FBgn0041188	12662	4085	3658	8493	3327	3746	6377	6384	5212	4331	4653	4591	5258.24	5991	4525	0.755	-0.406	-3.339	0.000840188607697128	0.0127055346838002	0.0068	0.0134	0.0104	0.0104	TRUE	0.1568
FBgn0029114	3069	1027	945	2360	777	860	1546	1605	1347	1203	1087	1054	1306.93	1499	1115	0.745	-0.426	-3.338	0.000843302432476809	0.0127310080780863	0.0054	0.0153	0.0109	0.0109	TRUE	0.0926
FBgn0265523	55650	19418	16107	37105	15053	16437	28029	30347	22951	18921	21054	20147	23574.73	27109	20041	0.739	-0.436	-3.332	0.00086163518799733	0.0129857607774826	0.0111	0.013	0.0123	0.0123	TRUE	0.22
FBgn0004865	169	56	54	95	29	33	85	88	77	48	41	40	63.17	83	43	0.525	-0.93	-3.328	0.00087551819487261	0.0131727036515715	0	0.0627	0.0384	0.0384	TRUE	0.1295
FBgn0052529	22950	8088	7407	15820	6636	7421	11559	12640	10554	8067	9281	9096	10199.65	11584	8815	0.761	-0.394	-3.323	0.000889726297404226	0.0133638990404375	0.0067	0.0132	0.01	0.01	TRUE	0.0771
FBgn0037917	1613	447	567	1149	373	482	812	699	808	586	522	591	669.55	773	566	0.732	-0.45	-3.321	0.000896251608682975	0.0134166606362004	0.0039	0.0175	0.0116	0.0116	TRUE	0.0792
FBgn0264090	80	26	24	28	13	9	40	41	34	14	18	11	26.44	38	14	0.374	-1.419	-3.318	0.000907846281011523	0.0135674275586739	0	0.132	0.0837	0.0837	TRUE	0.1349
FBgn0027552	2692	646	846	1445	604	758	1356	1010	1205	737	845	929	1013.6	1190	837	0.7	-0.515	-3.312	0.000925134297341548	0.0137795504789652	0.0157	0.016	0.0163	0.0163	TRUE	0.1888
FBgn0031126	925	296	283	656	212	255	466	463	403	335	297	313	379.22	444	315	0.71	-0.495	-3.308	0.000938200373307267	0.0139275845417464	0.0028	0.0211	0.0132	0.0132	TRUE	0.0699
FBgn0002773	100	31	56	48	13	26	50	48	80	24	18	32	42.19	59	25	0.422	-1.245	-3.303	0.000956669484575368	0.0141311029836033	0.0435	0.0875	0.0731	0.0731	TRUE	0.6475
FBgn0086687	17914	6045	6792	13906	5402	6335	9023	9447	9678	7091	7556	7765	8426.54	9383	7471	0.796	-0.329	-3.294	0.000987366723053365	0.0144884273512954	0.0015	0.0132	0.0071	0.0071	TRUE	0.0244
FBgn0036059	2085	561	628	1521	395	497	1050	877	895	776	552	609	793.16	941	646	0.688	-0.539	-3.292	0.000994238540642961	0.0145652675682679	0.0193	0.0168	0.0179	0.0179	TRUE	0.3836
FBgn0010768	770	244	246	462	184	237	388	381	351	236	257	290	317.18	373	261	0.695	-0.525	-3.28	0.00103773049079581	0.015127766745529	0.0043	0.0228	0.015	0.015	TRUE	0.1072
FBgn0031261	5269	2216	2646	2846	1663	2008	2654	3463	3770	1451	2326	2461	2687.62	3296	2079	0.631	-0.665	-3.28	0.00103739951364333	0.015127766745529	0.0495	0.014	0.0292	0.0292	TRUE	0.8601
FBgn0032698	1023	291	293	615	226	288	515	455	417	314	316	353	395.04	462	328	0.704	-0.507	-3.276	0.00105113208614782	0.0152980939400631	0.0063	0.0208	0.0145	0.0145	TRUE	0.1283
FBgn0051005	764	218	234	501	178	197	385	341	333	255	249	241	300.8	353	248	0.702	-0.511	-3.272	0.00106903205060273	0.0154681755282876	0	0.0233	0.0139	0.0139	TRUE	0.0813
FBgn0266450	3096	1229	1049	2247	913	1000	1559	1921	1495	1146	1277	1226	1437.21	1658	1216	0.733	-0.447	-3.272	0.00106821979987119	0.0154681755282876	0.01	0.015	0.0127	0.0127	TRUE	0.225
FBgn0025681	7097	2842	2803	4718	2261	2503	3575	4442	3994	2406	3162	3068	3441.03	4004	2879	0.719	-0.476	-3.27	0.00107689408350878	0.0155250807014299	0.0157	0.0138	0.015	0.015	TRUE	0.2553
FBgn0035766	3550	1171	1255	2810	1051	1065	1788	1830	1788	1433	1470	1305	1602.43	1802	1403	0.779	-0.361	-3.27	0.00107718646833767	0.0155250807014299	0.001	0.0148	0.0081	0.0081	TRUE	0.0431
FBgn0034970	2876	919	979	2005	834	911	1449	1436	1395	1022	1166	1117	1264.21	1427	1102	0.771	-0.376	-3.263	0.00110367104071897	0.0158810952498932	0.0019	0.0153	0.0087	0.0087	TRUE	0.0507
FBgn0028490	18261	6555	6696	11267	5335	6443	9197	10244	9541	5745	7462	7897	8347.87	9661	7035	0.728	-0.458	-3.254	0.00113754767591554	0.0162896095649192	0.0144	0.0132	0.0142	0.0142	TRUE	0.3164
FBgn0028394	346	110	141	242	67	99	174	172	201	123	94	121	147.59	182	113	0.626	-0.677	-3.251	0.00114870916251017	0.0163967187667918	0.005	0.0342	0.0238	0.0238	TRUE	0.184
FBgn0000395	1233	441	352	872	298	331	621	689	502	445	417	406	513.16	604	423	0.7	-0.514	-3.251	0.00115171829227801	0.0164133677269124	0.0113	0.019	0.0158	0.0158	TRUE	0.2422
FBgn0015795	5715	1381	1634	3925	1144	1318	2878	2158	2328	2002	1600	1615	2097	2455	1739	0.708	-0.498	-3.243	0.00118404166525695	0.0167934062300058	0.0196	0.0143	0.0164	0.0164	TRUE	0.281
FBgn0033649	1762	506	416	1174	305	356	887	791	593	599	427	436	622.1	757	487	0.645	-0.633	-3.24	0.00119485641868463	0.0169198507491637	0.0368	0.0179	0.0257	0.0257	TRUE	0.4152
FBgn0036454	1772	691	615	1251	499	604	892	1080	876	638	698	740	820.81	949	692	0.729	-0.457	-3.239	0.00119982503578975	0.0169632406250466	0.008	0.0167	0.013	0.013	TRUE	0.1647
FBgn0053503	740	229	288	578	185	181	373	358	410	295	259	222	319.39	380	259	0.684	-0.547	-3.231	0.00123482735846427	0.0173479610123679	0.0093	0.0227	0.0172	0.0172	TRUE	0.1936
FBgn0029608	1404	460	579	897	388	491	707	719	825	457	543	602	642.16	750	534	0.71	-0.495	-3.23	0.00123846492881129	0.0173716647573578	0.0118	0.0177	0.0152	0.0152	TRUE	0.2021
FBgn0031055	5855	2343	2791	3806	1807	2288	2949	3662	3977	1941	2527	2804	2976.68	3529	2424	0.687	-0.542	-3.226	0.00125519272381239	0.0175786188537688	0.0272	0.0139	0.02	0.02	TRUE	0.3758
FBgn0020416	19654	5516	7302	15767	4891	5768	9899	8620	10405	8040	6841	7070	8479.15	9641	7317	0.759	-0.398	-3.224	0.00126411412753067	0.0176480635327831	0.0082	0.0132	0.0108	0.0108	TRUE	0.1041
FBgn0033174	1132	351	395	791	295	359	570	549	563	403	413	440	489.59	561	419	0.745	-0.425	-3.219	0.0012883374332402	0.0179020616503439	0	0.0193	0.0103	0.0103	TRUE	0.0225
FBgn0032482	8311	2581	3098	6817	2296	2741	4186	4034	4414	3476	3211	3360	3780.18	4211	3349	0.796	-0.33	-3.2	0.00137446212197218	0.0189509816105359	0.0014	0.0137	0.0074	0.0074	TRUE	0.0212
FBgn0037539	1347	425	443	889	350	432	678	664	631	453	490	529	574.37	658	491	0.743	-0.429	-3.198	0.00138268972956372	0.0190349573743804	0.0024	0.0183	0.011	0.011	TRUE	0.0587
FBgn0004606	41396	13057	10856	26495	10244	11498	20850	20406	15469	13511	14328	14093	16442.62	18908	13977	0.739	-0.436	-3.197	0.00139039511452724	0.0190941672786613	0.0128	0.013	0.0133	0.0133	TRUE	0.3093
FBgn0010222	1088	421	497	728	318	408	548	658	708	371	445	500	538.37	638	439	0.687	-0.541	-3.196	0.00139127815918392	0.0190941672786613	0.0185	0.0187	0.0186	0.0186	TRUE	0.2314
FBgn0029095	8064	3396	3637	5670	2574	3145	4062	5307	5182	2891	3600	3855	4149.58	4850	3449	0.711	-0.492	-3.185	0.0014475905728232	0.0197151211500554	0.0201	0.0136	0.0169	0.0169	TRUE	0.2496
FBgn0034894	1204	466	400	886	315	393	606	728	570	452	441	482	546.45	635	458	0.723	-0.468	-3.179	0.00147731056330038	0.0200585444928605	0.0068	0.0186	0.0136	0.0136	TRUE	0.1816
FBgn0270927	2027	632	712	1615	539	612	1021	988	1015	824	754	750	891.78	1008	776	0.771	-0.375	-3.175	0.00149917776813348	0.0203244693771155	0	0.0164	0.0088	0.0088	TRUE	0.0372
FBgn0261553	3121	1099	1049	2305	909	1027	1572	1718	1495	1175	1271	1259	1414.96	1595	1235	0.774	-0.369	-3.166	0.00154735732973673	0.0209139783550304	0.0023	0.0151	0.009	0.009	TRUE	0.0522
FBgn0032785	577	156	169	384	103	134	291	244	241	196	144	164	213.22	259	168	0.653	-0.615	-3.155	0.00160319918129409	0.0215055649213651	0.0142	0.0276	0.0222	0.0222	TRUE	0.2587
FBgn0041183	364	115	127	244	82	97	183	180	181	124	115	119	150.34	181	119	0.66	-0.599	-3.152	0.00162300641282437	0.0217385234872581	0	0.0338	0.0188	0.0188	TRUE	0.0177
FBgn0266377	14201	5087	4679	9396	4227	4678	7153	7950	6667	4791	5912	5734	6367.82	7257	5479	0.755	-0.406	-3.148	0.00164548767019535	0.0220065445622072	0.0098	0.0133	0.0118	0.0118	TRUE	0.1487
FBgn0040505	108	42	39	63	20	17	54	66	56	32	28	21	42.76	59	27	0.473	-1.081	-3.139	0.00169635773543192	0.0224509039368382	0	0.0865	0.0581	0.0581	TRUE	0.2826
FBgn0029870	5153	1788	1888	3872	1556	1812	2595	2794	2690	1974	2176	2221	2408.61	2693	2124	0.788	-0.343	-3.137	0.00170731876670068	0.0225624454822002	0.0024	0.0142	0.0082	0.0082	TRUE	0.0476
FBgn0037445	3542	1085	997	2612	854	856	1784	1696	1421	1332	1194	1049	1412.64	1634	1192	0.73	-0.454	-3.134	0.00172465703765157	0.0227241423585245	0.0127	0.0151	0.0143	0.0143	TRUE	0.1546
FBgn0283531	70	33	28	36	13	12	35	52	40	18	18	15	29.66	42	17	0.413	-1.274	-3.124	0.00178286710090856	0.0234564213704468	0	0.119	0.0782	0.0782	TRUE	0.2316
FBgn0036155	186	75	75	89	45	57	94	117	107	45	63	70	82.66	106	59	0.554	-0.851	-3.114	0.00184391233292773	0.0241170736408036	0.0219	0.051	0.04	0.04	TRUE	0.5257
FBgn0250869	1067	338	365	808	289	296	537	528	520	412	404	363	460.8	528	393	0.744	-0.426	-3.113	0.00185150997421757	0.0241809374492021	0	0.0197	0.0111	0.0111	TRUE	0.05
FBgn0014033	14239	3851	4592	10290	3719	4183	7172	6018	6543	5247	5202	5127	5884.86	6578	5192	0.789	-0.342	-3.111	0.0018646930930689	0.0243174544362587	0.0037	0.0134	0.0085	0.0085	TRUE	0.077
FBgn0284226	2534	842	702	1937	537	643	1276	1316	1000	988	751	788	1019.9	1197	842	0.705	-0.504	-3.102	0.00192522622284968	0.0250335619955067	0.0202	0.0159	0.018	0.018	TRUE	0.2826
FBgn0035312	428	177	210	326	122	149	216	277	299	166	171	183	218.49	264	173	0.661	-0.597	-3.099	0.00194130559260751	0.0251691541679114	0.014	0.0273	0.0217	0.0217	TRUE	0.3364
FBgn0016754	2110	693	638	1450	570	641	1063	1083	909	739	797	786	896.19	1018	774	0.758	-0.399	-3.098	0.00194687629547472	0.0252046906450484	0.004	0.0164	0.0107	0.0107	TRUE	0.1011
FBgn0036257	2473	749	820	1779	648	806	1246	1171	1168	907	906	988	1064.32	1195	934	0.78	-0.358	-3.092	0.0019863268245724	0.0256781030863083	0.0011	0.0158	0.0086	0.0086	TRUE	0.0298
FBgn0036801	84	34	32	38	15	19	42	53	46	19	21	23	34.11	47	21	0.451	-1.149	-3.089	0.00200596235527046	0.0258943575339043	0	0.1052	0.0645	0.0645	TRUE	0.0868
FBgn0000139	1526	416	554	1059	386	469	769	650	789	540	540	575	643.81	736	552	0.748	-0.42	-3.077	0.00209373167082432	0.0267943505632647	0.0039	0.0177	0.0117	0.0117	TRUE	0.1149
FBgn0031012	2099	721	811	1463	612	753	1057	1127	1156	746	856	923	977.42	1113	842	0.755	-0.406	-3.07	0.0021394614026082	0.0272277094155333	0.0061	0.0161	0.0114	0.0114	TRUE	0.1265
FBgn0032601	434	187	208	366	102	152	219	292	296	187	143	186	220.47	269	172	0.648	-0.627	-3.069	0.00214598278081244	0.0272671449767424	0.0216	0.0271	0.025	0.025	TRUE	0.3487
FBgn0003093	4825	1363	1409	3437	1153	1395	2430	2130	2008	1753	1613	1710	1940.52	2189	1692	0.772	-0.373	-3.066	0.00217008290300075	0.027534086064142	0.005	0.0145	0.0101	0.0101	TRUE	0.1158
FBgn0025366	16734	4163	5752	12110	3689	4830	8428	6506	8196	6175	5160	5920	6730.9	7710	5752	0.746	-0.423	-3.061	0.00220602492583288	0.0279503044301472	0.0133	0.0133	0.0136	0.0136	TRUE	0.2266
FBgn0010053	443	114	176	301	82	119	223	178	251	153	115	146	177.68	217	138	0.639	-0.647	-3.06	0.00221513322806762	0.028025840429543	0.0178	0.0306	0.026	0.026	TRUE	0.2166
FBgn0031170	2291	760	709	1741	627	643	1154	1188	1010	888	877	788	984.13	1117	851	0.762	-0.392	-3.057	0.00223478679662293	0.0282334418157698	0.0041	0.016	0.0108	0.0108	TRUE	0.0809
FBgn0003575	2070	711	717	1483	624	671	1043	1111	1022	756	873	822	937.81	1059	817	0.771	-0.376	-3.054	0.00226032899321044	0.0283161045605139	0.0025	0.0162	0.0098	0.0098	TRUE	0.0544
FBgn0027525	6497	2404	2869	4601	2019	2492	3272	3757	4088	2346	2824	3054	3223.65	3706	2741	0.74	-0.435	-3.047	0.00230966610401411	0.0288530098014778	0.0143	0.0138	0.0143	0.0143	TRUE	0.1971
FBgn0001967	27	17	17	7	3	7	14	27	24	4	4	9	13.46	22	6	0.249	-2.004	-3.038	0.00238191535887378	0.0296308939964927	0.0988	0.2469	0.1946	0.1946	TRUE	0.9355
FBgn0250911	4397	1283	1182	2686	1043	1295	2215	2005	1684	1370	1459	1587	1719.95	1968	1472	0.746	-0.422	-3.031	0.0024410923354318	0.0302824643895418	0.0111	0.0147	0.0133	0.0133	TRUE	0.1909
FBgn0015903	1421	436	416	1002	345	408	716	681	593	511	483	500	580.57	663	498	0.749	-0.416	-3.028	0.0024597121753159	0.0304286893688038	0.0037	0.0183	0.0117	0.0117	TRUE	0.0989
FBgn0259736	561	201	184	369	145	174	283	314	262	188	203	213	243.85	286	201	0.702	-0.511	-3.023	0.00250033511602386	0.0308471582167732	0	0.0258	0.0161	0.0161	TRUE	0.0697
FBgn0260936	6211	2026	1993	4408	1801	2013	3128	3166	2840	2248	2519	2467	2728.07	3045	2411	0.791	-0.338	-3.021	0.00251919847051167	0.0310352707840213	0.0029	0.014	0.0086	0.0086	TRUE	0.044
FBgn0003997	402	109	95	242	50	79	202	170	135	123	70	97	133.06	169	97	0.576	-0.796	-3.02	0.00252395351571376	0.0310509032658322	0.0506	0.0365	0.0415	0.0415	TRUE	0.26
FBgn0263995	1560	426	357	976	306	338	786	666	509	498	428	414	550.02	654	447	0.683	-0.551	-3.018	0.00254601956357073	0.0312360829927334	0.027	0.0186	0.022	0.022	TRUE	0.1876
FBgn0037718	5911	1694	2075	4269	1657	1906	2977	2647	2957	2177	2318	2336	2568.65	2860	2277	0.795	-0.331	-3.017	0.0025530774541362	0.0312795885611982	0.0022	0.0141	0.0082	0.0082	TRUE	0.0504
FBgn0086370	2769	904	969	2015	820	926	1395	1413	1381	1028	1147	1135	1249.59	1396	1103	0.789	-0.342	-3.015	0.0025678761639035	0.0314176826811654	0.0014	0.0154	0.0084	0.0084	TRUE	0.046
FBgn0033224	3209	1225	1177	2466	1004	1114	1616	1914	1677	1258	1404	1365	1539.16	1736	1342	0.773	-0.371	-3.011	0.00260804367758981	0.0317781737842578	0.0047	0.0149	0.0102	0.0102	TRUE	0.0957
FBgn0086757	1474	449	443	1082	344	427	742	702	631	552	481	523	605.27	692	519	0.75	-0.415	-3.009	0.00262001374749946	0.0318804131816635	0.0043	0.018	0.0119	0.0119	TRUE	0.0677
FBgn0027561	4349	1841	1793	2944	1410	1645	2190	2877	2555	1501	1972	2016	2185.34	2541	1830	0.72	-0.474	-2.998	0.00271774265383599	0.0329794738660997	0.0206	0.0143	0.0175	0.0175	TRUE	0.279
FBgn0004861	1925	603	522	1188	484	553	970	942	744	606	677	678	769.38	885	654	0.735	-0.443	-2.996	0.00273594990165418	0.03306527242067	0.011	0.0169	0.0144	0.0144	TRUE	0.2258
FBgn0040391	54	19	22	16	8	11	27	30	31	8	11	13	20.18	29	11	0.362	-1.466	-2.996	0.0027334619627003	0.03306527242067	0	0.1689	0.1079	0.1079	TRUE	0.3837
FBgn0029768	824	74	220	161	61	20	415	116	313	82	85	25	172.68	281	64	0.227	-2.136	-2.987	0.00281706478490686	0.0338161671686865	0.3585	0.0311	0.126	0.3585	TRUE	0.196
FBgn0051637	4979	2053	2117	3963	1664	1850	2508	3208	3017	2021	2327	2268	2558.08	2911	2205	0.758	-0.4	-2.987	0.00281494509619867	0.0338161671686865	0.0099	0.0141	0.0125	0.0125	TRUE	0.1826
FBgn0027657	1038	250	330	664	231	276	523	391	470	339	323	338	397.28	461	333	0.719	-0.476	-2.966	0.00301550975523918	0.0359276915724404	0.009	0.0208	0.0158	0.0158	TRUE	0.1956
FBtr0307759	205	16	34	26	14	25	103	25	48	13	20	31	40.03	59	21	0.343	-1.542	-2.956	0.00311887430406147	0.0369412412583451	0.2951	0.0915	0.1623	0.1623	TRUE	0.3146
FBgn0004197	2607	1052	1081	1870	871	943	1313	1644	1540	954	1218	1156	1304.18	1499	1109	0.74	-0.435	-2.955	0.00312775944644847	0.0369972820577909	0.013	0.0153	0.0148	0.0148	TRUE	0.1888
FBgn0038145	14696	4226	4855	10297	3978	4861	7402	6604	6918	5251	5564	5958	6282.83	6975	5591	0.801	-0.32	-2.943	0.00325351261619707	0.0381303116742991	0.0034	0.0133	0.0083	0.0083	TRUE	0.0403
FBgn0266758	9357	3049	3404	7528	2828	3267	4713	4765	4850	3839	3955	4004	4354.45	4776	3933	0.823	-0.28	-2.94	0.00328540390104029	0.0384030085912938	0	0.0136	0.0063	0.0063	TRUE	0.0055
FBgn0039094	44	12	22	13	5	8	22	19	31	7	7	10	15.95	24	8	0.32	-1.645	-2.938	0.00330826027247746	0.0385689453494198	0	0.2103	0.14	0.14	TRUE	0.3108
FBgn0011236	4424	1608	1525	3248	1261	1598	2228	2513	2173	1656	1764	1959	2048.8	2305	1793	0.778	-0.363	-2.936	0.00332436445876162	0.0387060316786794	0.006	0.0144	0.0105	0.0105	TRUE	0.079
FBgn0028482	182	67	75	112	48	47	92	105	107	57	67	58	80.85	101	61	0.6	-0.737	-2.932	0.00337207739740903	0.0391208064306703	0	0.0518	0.0318	0.0318	TRUE	0.0856
FBgn0263392	12649	4694	3470	8873	3407	3622	6371	7336	4944	4525	4765	4439	5396.74	6217	4576	0.736	-0.442	-2.932	0.00337316485222351	0.0391208064306703	0.0191	0.0134	0.0162	0.0162	TRUE	0.2395
FBgn0034501	4917	2050	2168	3736	1644	1901	2477	3204	3089	1905	2299	2330	2550.67	2923	2178	0.745	-0.424	-2.93	0.00338735538209648	0.0392342969939315	0.0143	0.0141	0.0147	0.0147	TRUE	0.2217
FBgn0034083	3947	1444	1449	3429	1197	1275	1988	2257	2065	1749	1674	1563	1882.48	2103	1662	0.792	-0.337	-2.926	0.00342990143357271	0.0396240364057486	0.0029	0.0145	0.009	0.009	TRUE	0.0486
FBgn0034221	260	96	104	190	70	61	131	150	148	97	98	75	116.46	143	90	0.635	-0.655	-2.925	0.00344427120119297	0.0397385020583236	0	0.0399	0.0267	0.0267	TRUE	0.1822
FBgn0027339	3881	1262	1059	2829	995	980	1955	1972	1509	1443	1392	1201	1578.57	1812	1345	0.742	-0.43	-2.921	0.00349048710464358	0.0401676597429721	0.014	0.0148	0.0149	0.0149	TRUE	0.2541
FBgn0037074	6216	2046	2077	4913	1845	2026	3131	3198	2960	2505	2581	2483	2809.48	3096	2523	0.815	-0.296	-2.92	0.00350025751235869	0.0402281208549405	5e-04	0.014	0.007	0.007	TRUE	0.0176
FBgn0015714	2747	760	946	2186	658	771	1384	1188	1348	1115	920	945	1149.88	1307	993	0.761	-0.393	-2.919	0.00351712083670533	0.040369839294503	0.0075	0.0156	0.0121	0.0121	TRUE	0.1431
FBgn0036770	4741	1457	1555	3879	1277	1335	2388	2277	2216	1978	1786	1636	2046.84	2294	1800	0.785	-0.348	-2.913	0.00358125899195224	0.0410003519811293	0.0045	0.0144	0.0098	0.0098	TRUE	0.0936
FBgn0025683	9378	3035	3459	7841	2796	3234	4723	4743	4929	3998	3911	3964	4378.03	4798	3958	0.825	-0.278	-2.911	0.00359761912002518	0.0410628254934319	0	0.0136	0.0063	0.0063	TRUE	0.0068
FBgn0033483	10410	3315	3806	8288	3081	3667	5243	5181	5423	4226	4309	4495	4812.88	5282	4343	0.822	-0.283	-2.91	0.00361978468840126	0.0411767844439209	5e-04	0.0135	0.0066	0.0066	TRUE	0.0113
FBgn0037363	3719	1290	1227	2961	1019	1255	1873	2016	1748	1510	1425	1538	1685.15	1879	1491	0.794	-0.333	-2.909	0.00362533636965716	0.0411873355159902	0.0024	0.0147	0.0088	0.0088	TRUE	0.0469
FBgn0028540	321	72	122	180	63	82	162	113	174	92	88	101	121.41	150	94	0.622	-0.686	-2.904	0.00368354988755017	0.0416891726155139	0.0168	0.0388	0.0311	0.0311	TRUE	0.4077
FBgn0034160	107	42	22	51	16	14	54	66	31	26	22	17	36.07	50	22	0.441	-1.182	-2.901	0.00371428734215946	0.0418356198805278	0.0573	0.1002	0.0861	0.0861	TRUE	0.2221
FBgn0005694	2018	671	615	1486	534	632	1016	1049	876	758	747	775	870.11	980	760	0.774	-0.369	-2.899	0.00373912930166067	0.0419980134803172	0.0028	0.0165	0.0104	0.0104	TRUE	0.0985
FBgn0266084	986	362	321	716	269	319	497	566	457	365	376	391	442.02	507	377	0.745	-0.424	-2.897	0.00376500411710172	0.0422353799383186	0.003	0.02	0.013	0.013	TRUE	0.1097
FBgn0014469	2045	600	654	1606	513	561	1030	938	932	819	718	688	853.94	967	742	0.768	-0.381	-2.892	0.00383224545860697	0.0428278673774307	0.0052	0.0165	0.0112	0.0112	TRUE	0.1065
FBgn0050344	1344	451	517	1105	367	456	677	705	737	563	513	559	625.69	706	545	0.775	-0.368	-2.886	0.0038980430120048	0.0435086079046701	0	0.0179	0.01	0.01	TRUE	0.0286
FBgn0026576	1807	520	567	1301	449	554	910	813	808	663	628	679	750.19	844	657	0.777	-0.364	-2.881	0.00396034323792391	0.0440934715252354	0.0023	0.017	0.0101	0.0101	TRUE	0.0612
FBgn0015288	27548	9455	11064	21784	9162	9530	13875	14776	15765	11108	12814	11681	13336.7	14805	11868	0.802	-0.319	-2.873	0.00406837376370033	0.04517848684864	0.0046	0.0131	0.0088	0.0088	TRUE	0.0594
FBgn0034898	27	9	5	1	2	2	14	14	7	1	3	2	6.76	12	2	0.14	-2.832	-2.872	0.00407301279212506	0.04517848684864	0	0.4789	0.3667	0.3667	TRUE	1.0837
FBgn0029893	4886	1720	1616	3251	1403	1716	2461	2688	2303	1658	1962	2103	2195.83	2484	1908	0.767	-0.382	-2.869	0.00411313342403281	0.0455101607551058	0.0095	0.0143	0.0123	0.0123	TRUE	0.1641
FBgn0042641	2734	976	1159	2079	882	996	1377	1525	1651	1060	1234	1221	1344.72	1518	1172	0.772	-0.374	-2.866	0.00415893366706651	0.0459598289982152	0.0072	0.0152	0.0115	0.0115	TRUE	0.0872
FBgn0052772	1250	403	402	921	335	392	630	630	573	470	469	480	541.81	611	473	0.773	-0.371	-2.862	0.00421590975418175	0.0465317325656714	0	0.0187	0.0101	0.0101	TRUE	0.0328
FBgn0031752	2570	893	872	2121	727	836	1294	1396	1243	1082	1017	1025	1175.93	1311	1041	0.795	-0.33	-2.858	0.00426179121234746	0.0469595722697606	0.0013	0.0155	0.0087	0.0087	TRUE	0.0363
FBgn0050046	2345	806	847	1715	735	789	1181	1260	1207	875	1028	967	1086.21	1216	957	0.785	-0.348	-2.858	0.00426521769015789	0.0469595722697606	0.0031	0.0157	0.0097	0.0097	TRUE	0.0717
FBgn0035708	2930	958	951	2392	790	901	1476	1497	1355	1220	1105	1104	1292.84	1443	1143	0.793	-0.334	-2.853	0.00432873528396945	0.0476000557707604	0.0024	0.0153	0.009	0.009	TRUE	0.0437
FBgn0039797	545	190	173	348	150	160	274	297	247	177	210	196	233.55	273	194	0.709	-0.496	-2.852	0.00435080232282062	0.0477604533792672	0.0033	0.0263	0.0171	0.0171	TRUE	0.0761
FBgn0037935	66	26	21	35	9	8	33	41	30	18	13	10	24.01	35	14	0.404	-1.306	-2.848	0.00439492848147896	0.0481496039170149	0	0.1441	0.1003	0.1003	TRUE	0.6258
FBgn0016926	1916	599	713	1577	552	583	965	936	1016	804	772	715	867.98	972	764	0.787	-0.346	-2.846	0.00442271221347692	0.0482167658328506	0.0014	0.0165	0.0094	0.0094	TRUE	0.037
FBgn0022382	1975	557	574	1499	456	449	995	870	818	764	638	550	772.61	894	651	0.729	-0.457	-2.839	0.00452639273156573	0.0492265934799219	0.0168	0.0169	0.0172	0.0172	TRUE	0.2913
FBgn0035644	778	254	304	488	229	260	392	397	433	249	320	319	351.63	407	296	0.722	-0.47	-2.836	0.00456225482335635	0.0495561020873598	0.0097	0.0218	0.0166	0.0166	TRUE	0.2527
